1 0 51 1 1 VSM
1 0 874 1 1 VSM
1 0 486 1 1 VSM
1 0 792 1 1 VSM
1 0 329 1 1 VSM
1 0 1144 1 1 VSM
1 0 56 1 1 VSM
1 0 1328 1 1 VSM
1 0 252 1 1 VSM
1 0 359 1 1 VSM
2 0 51 1 1 VSM
2 0 12 1 1 VSM
2 0 792 1 1 VSM
2 0 100 1 1 VSM
2 0 1147 1 1 VSM
2 0 1169 1 1 VSM
2 0 640 1 1 VSM
2 0 746 1 1 VSM
2 0 14 1 1 VSM
2 0 712 1 1 VSM
3 0 144 1 1 VSM
3 0 91 1 1 VSM
3 0 5 1 1 VSM
3 0 90 1 1 VSM
3 0 542 1 1 VSM
3 0 485 1 1 VSM
3 0 707 1 1 VSM
3 0 395 1 1 VSM
3 0 582 1 1 VSM
3 0 1072 1 1 VSM
4 0 185 1 1 VSM
4 0 1061 1 1 VSM
4 0 166 1 1 VSM
4 0 236 1 1 VSM
4 0 575 1 1 VSM
4 0 488 1 1 VSM
4 0 1252 1 1 VSM
4 0 410 1 1 VSM
4 0 1202 1 1 VSM
4 0 110 1 1 VSM
5 0 401 1 1 VSM
5 0 329 1 1 VSM
5 0 103 1 1 VSM
5 0 968 1 1 VSM
5 0 1066 1 1 VSM
5 0 1032 1 1 VSM
5 0 14 1 1 VSM
5 0 163 1 1 VSM
5 0 1296 1 1 VSM
5 0 625 1 1 VSM
6 0 99 1 1 VSM
6 0 798 1 1 VSM
6 0 151 1 1 VSM
6 0 976 1 1 VSM
6 0 315 1 1 VSM
6 0 491 1 1 VSM
6 0 522 1 1 VSM
6 0 257 1 1 VSM
6 0 131 1 1 VSM
6 0 344 1 1 VSM
7 0 1040 1 1 VSM
7 0 1347 1 1 VSM
7 0 189 1 1 VSM
7 0 434 1 1 VSM
7 0 492 1 1 VSM
7 0 717 1 1 VSM
7 0 1307 1 1 VSM
7 0 1115 1 1 VSM
7 0 1231 1 1 VSM
7 0 56 1 1 VSM
8 0 234 1 1 VSM
8 0 122 1 1 VSM
8 0 1347 1 1 VSM
8 0 189 1 1 VSM
8 0 1307 1 1 VSM
8 0 197 1 1 VSM
8 0 947 1 1 VSM
8 0 688 1 1 VSM
8 0 569 1 1 VSM
8 0 717 1 1 VSM
9 0 45 1 1 VSM
9 0 571 1 1 VSM
9 0 846 1 1 VSM
9 0 123 1 1 VSM
9 0 962 1 1 VSM
9 0 306 1 1 VSM
9 0 270 1 1 VSM
9 0 554 1 1 VSM
9 0 522 1 1 VSM
9 0 623 1 1 VSM
10 0 493 1 1 VSM
10 0 302 1 1 VSM
10 0 949 1 1 VSM
10 0 1199 1 1 VSM
10 0 329 1 1 VSM
10 0 616 1 1 VSM
10 0 1214 1 1 VSM
10 0 1098 1 1 VSM
10 0 691 1 1 VSM
10 0 272 1 1 VSM
11 0 495 1 1 VSM
11 0 1356 1 1 VSM
11 0 72 1 1 VSM
11 0 160 1 1 VSM
11 0 738 1 1 VSM
11 0 1248 1 1 VSM
11 0 132 1 1 VSM
11 0 25 1 1 VSM
11 0 556 1 1 VSM
11 0 64 1 1 VSM
12 0 270 1 1 VSM
12 0 1209 1 1 VSM
12 0 941 1 1 VSM
12 0 1094 1 1 VSM
12 0 704 1 1 VSM
12 0 966 1 1 VSM
12 0 1164 1 1 VSM
12 0 624 1 1 VSM
12 0 1144 1 1 VSM
12 0 329 1 1 VSM
13 0 496 1 1 VSM
13 0 199 1 1 VSM
13 0 1268 1 1 VSM
13 0 903 1 1 VSM
13 0 660 1 1 VSM
13 0 643 1 1 VSM
13 0 801 1 1 VSM
13 0 520 1 1 VSM
13 0 1290 1 1 VSM
13 0 1242 1 1 VSM
14 0 798 1 1 VSM
14 0 170 1 1 VSM
14 0 64 1 1 VSM
14 0 132 1 1 VSM
14 0 1364 1 1 VSM
14 0 1321 1 1 VSM
14 0 296 1 1 VSM
14 0 1313 1 1 VSM
14 0 256 1 1 VSM
14 0 72 1 1 VSM
15 0 1097 1 1 VSM
15 0 462 1 1 VSM
15 0 1025 1 1 VSM
15 0 82 1 1 VSM
15 0 553 1 1 VSM
15 0 463 1 1 VSM
15 0 542 1 1 VSM
15 0 761 1 1 VSM
15 0 866 1 1 VSM
15 0 1096 1 1 VSM
16 0 498 1 1 VSM
16 0 1328 1 1 VSM
16 0 927 1 1 VSM
16 0 1239 1 1 VSM
16 0 1255 1 1 VSM
16 0 25 1 1 VSM
16 0 234 1 1 VSM
16 0 94 1 1 VSM
16 0 976 1 1 VSM
16 0 814 1 1 VSM
17 0 1108 1 1 VSM
17 0 1239 1 1 VSM
17 0 1201 1 1 VSM
17 0 94 1 1 VSM
17 0 498 1 1 VSM
17 0 927 1 1 VSM
17 0 1301 1 1 VSM
17 0 1281 1 1 VSM
17 0 826 1 1 VSM
17 0 160 1 1 VSM
18 0 197 1 1 VSM
18 0 927 1 1 VSM
18 0 234 1 1 VSM
18 0 1347 1 1 VSM
18 0 189 1 1 VSM
18 0 717 1 1 VSM
18 0 688 1 1 VSM
18 0 122 1 1 VSM
18 0 1307 1 1 VSM
18 0 947 1 1 VSM
19 0 82 1 1 VSM
19 0 434 1 1 VSM
19 0 660 1 1 VSM
19 0 140 1 1 VSM
19 0 1097 1 1 VSM
19 0 1166 1 1 VSM
19 0 433 1 1 VSM
19 0 803 1 1 VSM
19 0 987 1 1 VSM
19 0 711 1 1 VSM
20 0 270 1 1 VSM
20 0 500 1 1 VSM
20 0 625 1 1 VSM
20 0 571 1 1 VSM
20 0 1201 1 1 VSM
20 0 300 1 1 VSM
20 0 267 1 1 VSM
20 0 329 1 1 VSM
20 0 114 1 1 VSM
20 0 1268 1 1 VSM
21 0 628 1 1 VSM
21 0 721 1 1 VSM
21 0 686 1 1 VSM
21 0 502 1 1 VSM
21 0 1051 1 1 VSM
21 0 947 1 1 VSM
21 0 17 1 1 VSM
21 0 193 1 1 VSM
21 0 68 1 1 VSM
21 0 377 1 1 VSM
22 0 1147 1 1 VSM
22 0 140 1 1 VSM
22 0 125 1 1 VSM
22 0 560 1 1 VSM
22 0 962 1 1 VSM
22 0 66 1 1 VSM
22 0 151 1 1 VSM
22 0 99 1 1 VSM
22 0 766 1 1 VSM
22 0 976 1 1 VSM
23 0 899 1 1 VSM
23 0 14 1 1 VSM
23 0 185 1 1 VSM
23 0 1066 1 1 VSM
23 0 1109 1 1 VSM
23 0 892 1 1 VSM
23 0 1259 1 1 VSM
23 0 753 1 1 VSM
23 0 902 1 1 VSM
23 0 903 1 1 VSM
24 0 756 1 1 VSM
24 0 47 1 1 VSM
24 0 1034 1 1 VSM
24 0 1361 1 1 VSM
24 0 1362 1 1 VSM
24 0 51 1 1 VSM
24 0 640 1 1 VSM
24 0 12 1 1 VSM
24 0 1313 1 1 VSM
24 0 724 1 1 VSM
25 0 277 1 1 VSM
25 0 798 1 1 VSM
25 0 216 1 1 VSM
25 0 214 1 1 VSM
25 0 990 1 1 VSM
25 0 170 1 1 VSM
25 0 212 1 1 VSM
25 0 987 1 1 VSM
25 0 213 1 1 VSM
25 0 1271 1 1 VSM
26 0 798 1 1 VSM
26 0 9 1 1 VSM
26 0 996 1 1 VSM
26 0 96 1 1 VSM
26 0 1107 1 1 VSM
26 0 1175 1 1 VSM
26 0 611 1 1 VSM
26 0 145 1 1 VSM
26 0 135 1 1 VSM
26 0 348 1 1 VSM
27 0 1035 1 1 VSM
27 0 1031 1 1 VSM
27 0 189 1 1 VSM
27 0 42 1 1 VSM
27 0 433 1 1 VSM
27 0 225 1 1 VSM
27 0 673 1 1 VSM
27 0 202 1 1 VSM
27 0 683 1 1 VSM
27 0 1039 1 1 VSM
28 0 433 1 1 VSM
28 0 683 1 1 VSM
28 0 225 1 1 VSM
28 0 1051 1 1 VSM
28 0 712 1 1 VSM
28 0 762 1 1 VSM
28 0 696 1 1 VSM
28 0 417 1 1 VSM
28 0 1075 1 1 VSM
28 0 921 1 1 VSM
29 0 683 1 1 VSM
29 0 420 1 1 VSM
29 0 797 1 1 VSM
29 0 902 1 1 VSM
29 0 211 1 1 VSM
29 0 601 1 1 VSM
29 0 433 1 1 VSM
29 0 222 1 1 VSM
29 0 1239 1 1 VSM
29 0 205 1 1 VSM
30 0 683 1 1 VSM
30 0 433 1 1 VSM
30 0 902 1 1 VSM
30 0 420 1 1 VSM
30 0 696 1 1 VSM
30 0 229 1 1 VSM
30 0 1239 1 1 VSM
30 0 688 1 1 VSM
30 0 464 1 1 VSM
30 0 601 1 1 VSM
31 0 1040 1 1 VSM
31 0 1239 1 1 VSM
31 0 1209 1 1 VSM
31 0 1082 1 1 VSM
31 0 234 1 1 VSM
31 0 751 1 1 VSM
31 0 522 1 1 VSM
31 0 1398 1 1 VSM
31 0 749 1 1 VSM
31 0 160 1 1 VSM
32 0 752 1 1 VSM
32 0 738 1 1 VSM
32 0 1259 1 1 VSM
32 0 1039 1 1 VSM
32 0 1310 1 1 VSM
32 0 160 1 1 VSM
32 0 820 1 1 VSM
32 0 25 1 1 VSM
32 0 801 1 1 VSM
32 0 192 1 1 VSM
33 0 431 1 1 VSM
33 0 904 1 1 VSM
33 0 516 1 1 VSM
33 0 252 1 1 VSM
33 0 808 1 1 VSM
33 0 199 1 1 VSM
33 0 874 1 1 VSM
33 0 713 1 1 VSM
33 0 141 1 1 VSM
33 0 755 1 1 VSM
34 0 252 1 1 VSM
34 0 1153 1 1 VSM
34 0 431 1 1 VSM
34 0 904 1 1 VSM
34 0 799 1 1 VSM
34 0 610 1 1 VSM
34 0 520 1 1 VSM
34 0 1313 1 1 VSM
34 0 516 1 1 VSM
34 0 876 1 1 VSM
35 0 1244 1 1 VSM
35 0 724 1 1 VSM
35 0 1203 1 1 VSM
35 0 132 1 1 VSM
35 0 64 1 1 VSM
35 0 185 1 1 VSM
35 0 1208 1 1 VSM
35 0 296 1 1 VSM
35 0 1321 1 1 VSM
35 0 169 1 1 VSM
36 0 962 1 1 VSM
36 0 623 1 1 VSM
36 0 168 1 1 VSM
36 0 1268 1 1 VSM
36 0 522 1 1 VSM
36 0 554 1 1 VSM
36 0 123 1 1 VSM
36 0 158 1 1 VSM
36 0 144 1 1 VSM
36 0 1226 1 1 VSM
37 0 173 1 1 VSM
37 0 234 1 1 VSM
37 0 189 1 1 VSM
37 0 174 1 1 VSM
37 0 519 1 1 VSM
37 0 1352 1 1 VSM
37 0 186 1 1 VSM
37 0 176 1 1 VSM
37 0 1229 1 1 VSM
37 0 179 1 1 VSM
38 0 272 1 1 VSM
38 0 976 1 1 VSM
38 0 536 1 1 VSM
38 0 1239 1 1 VSM
38 0 522 1 1 VSM
38 0 433 1 1 VSM
38 0 1201 1 1 VSM
38 0 315 1 1 VSM
38 0 927 1 1 VSM
38 0 1264 1 1 VSM
39 0 272 1 1 VSM
39 0 315 1 1 VSM
39 0 9 1 1 VSM
39 0 1264 1 1 VSM
39 0 1205 1 1 VSM
39 0 798 1 1 VSM
39 0 96 1 1 VSM
39 0 1278 1 1 VSM
39 0 1383 1 1 VSM
39 0 24 1 1 VSM
40 0 272 1 1 VSM
40 0 536 1 1 VSM
40 0 976 1 1 VSM
40 0 315 1 1 VSM
40 0 1205 1 1 VSM
40 0 1264 1 1 VSM
40 0 522 1 1 VSM
40 0 9 1 1 VSM
40 0 294 1 1 VSM
40 0 96 1 1 VSM
41 0 433 1 1 VSM
41 0 289 1 1 VSM
41 0 927 1 1 VSM
41 0 288 1 1 VSM
41 0 1277 1 1 VSM
41 0 229 1 1 VSM
41 0 432 1 1 VSM
41 0 976 1 1 VSM
41 0 225 1 1 VSM
41 0 1342 1 1 VSM
42 0 521 1 1 VSM
42 0 526 1 1 VSM
42 0 683 1 1 VSM
42 0 801 1 1 VSM
42 0 467 1 1 VSM
42 0 440 1 1 VSM
42 0 211 1 1 VSM
42 0 468 1 1 VSM
42 0 404 1 1 VSM
42 0 70 1 1 VSM
43 0 467 1 1 VSM
43 0 70 1 1 VSM
43 0 193 1 1 VSM
43 0 404 1 1 VSM
43 0 39 1 1 VSM
43 0 685 1 1 VSM
43 0 452 1 1 VSM
43 0 484 1 1 VSM
43 0 1248 1 1 VSM
43 0 903 1 1 VSM
44 0 820 1 1 VSM
44 0 232 1 1 VSM
44 0 185 1 1 VSM
44 0 541 1 1 VSM
44 0 593 1 1 VSM
44 0 826 1 1 VSM
44 0 1119 1 1 VSM
44 0 14 1 1 VSM
44 0 1075 1 1 VSM
44 0 110 1 1 VSM
45 0 329 1 1 VSM
45 0 798 1 1 VSM
45 0 305 1 1 VSM
45 0 540 1 1 VSM
45 0 123 1 1 VSM
45 0 344 1 1 VSM
45 0 625 1 1 VSM
45 0 525 1 1 VSM
45 0 170 1 1 VSM
45 0 573 1 1 VSM
46 0 123 1 1 VSM
46 0 623 1 1 VSM
46 0 344 1 1 VSM
46 0 274 1 1 VSM
46 0 962 1 1 VSM
46 0 1185 1 1 VSM
46 0 84 1 1 VSM
46 0 329 1 1 VSM
46 0 37 1 1 VSM
46 0 101 1 1 VSM
47 0 329 1 1 VSM
47 0 305 1 1 VSM
47 0 568 1 1 VSM
47 0 304 1 1 VSM
47 0 1370 1 1 VSM
47 0 170 1 1 VSM
47 0 310 1 1 VSM
47 0 540 1 1 VSM
47 0 25 1 1 VSM
47 0 1200 1 1 VSM
48 0 797 1 1 VSM
48 0 526 1 1 VSM
48 0 638 1 1 VSM
48 0 792 1 1 VSM
48 0 334 1 1 VSM
48 0 712 1 1 VSM
48 0 801 1 1 VSM
48 0 683 1 1 VSM
48 0 114 1 1 VSM
48 0 1228 1 1 VSM
49 0 349 1 1 VSM
49 0 527 1 1 VSM
49 0 476 1 1 VSM
49 0 321 1 1 VSM
49 0 329 1 1 VSM
49 0 1235 1 1 VSM
49 0 377 1 1 VSM
49 0 1108 1 1 VSM
49 0 1370 1 1 VSM
49 0 538 1 1 VSM
50 0 329 1 1 VSM
50 0 992 1 1 VSM
50 0 192 1 1 VSM
50 0 798 1 1 VSM
50 0 25 1 1 VSM
50 0 1268 1 1 VSM
50 0 1301 1 1 VSM
50 0 541 1 1 VSM
50 0 576 1 1 VSM
50 0 1263 1 1 VSM
51 0 94 1 1 VSM
51 0 798 1 1 VSM
51 0 329 1 1 VSM
51 0 494 1 1 VSM
51 0 25 1 1 VSM
51 0 192 1 1 VSM
51 0 1310 1 1 VSM
51 0 1301 1 1 VSM
51 0 826 1 1 VSM
51 0 992 1 1 VSM
52 0 798 1 1 VSM
52 0 329 1 1 VSM
52 0 1154 1 1 VSM
52 0 899 1 1 VSM
52 0 315 1 1 VSM
52 0 306 1 1 VSM
52 0 1383 1 1 VSM
52 0 96 1 1 VSM
52 0 1215 1 1 VSM
52 0 170 1 1 VSM
53 0 208 1 1 VSM
53 0 267 1 1 VSM
53 0 33 1 1 VSM
53 0 270 1 1 VSM
53 0 269 1 1 VSM
53 0 1239 1 1 VSM
53 0 61 1 1 VSM
53 0 1282 1 1 VSM
53 0 653 1 1 VSM
53 0 1273 1 1 VSM
54 0 123 1 1 VSM
54 0 623 1 1 VSM
54 0 962 1 1 VSM
54 0 344 1 1 VSM
54 0 1185 1 1 VSM
54 0 44 1 1 VSM
54 0 274 1 1 VSM
54 0 84 1 1 VSM
54 0 522 1 1 VSM
54 0 554 1 1 VSM
55 0 798 1 1 VSM
55 0 329 1 1 VSM
55 0 344 1 1 VSM
55 0 1154 1 1 VSM
55 0 458 1 1 VSM
55 0 1149 1 1 VSM
55 0 899 1 1 VSM
55 0 24 1 1 VSM
55 0 1383 1 1 VSM
55 0 1382 1 1 VSM
56 0 753 1 1 VSM
56 0 202 1 1 VSM
56 0 441 1 1 VSM
56 0 14 1 1 VSM
56 0 1290 1 1 VSM
56 0 856 1 1 VSM
56 0 766 1 1 VSM
56 0 859 1 1 VSM
56 0 1339 1 1 VSM
56 0 685 1 1 VSM
57 0 856 1 1 VSM
57 0 753 1 1 VSM
57 0 1268 1 1 VSM
57 0 202 1 1 VSM
57 0 766 1 1 VSM
57 0 1290 1 1 VSM
57 0 859 1 1 VSM
57 0 1338 1 1 VSM
57 0 593 1 1 VSM
57 0 857 1 1 VSM
58 0 1104 1 1 VSM
58 0 270 1 1 VSM
58 0 522 1 1 VSM
58 0 962 1 1 VSM
58 0 788 1 1 VSM
58 0 158 1 1 VSM
58 0 873 1 1 VSM
58 0 1040 1 1 VSM
58 0 554 1 1 VSM
58 0 395 1 1 VSM
59 0 798 1 1 VSM
59 0 329 1 1 VSM
59 0 1154 1 1 VSM
59 0 1268 1 1 VSM
59 0 458 1 1 VSM
59 0 1382 1 1 VSM
59 0 786 1 1 VSM
59 0 381 1 1 VSM
59 0 89 1 1 VSM
59 0 1149 1 1 VSM
60 0 527 1 1 VSM
60 0 730 1 1 VSM
60 0 476 1 1 VSM
60 0 321 1 1 VSM
60 0 131 1 1 VSM
60 0 798 1 1 VSM
60 0 350 1 1 VSM
60 0 1108 1 1 VSM
60 0 1375 1 1 VSM
60 0 72 1 1 VSM
61 0 564 1 1 VSM
61 0 1213 1 1 VSM
61 0 566 1 1 VSM
61 0 1104 1 1 VSM
61 0 522 1 1 VSM
61 0 210 1 1 VSM
61 0 565 1 1 VSM
61 0 962 1 1 VSM
61 0 554 1 1 VSM
61 0 784 1 1 VSM
62 0 329 1 1 VSM
62 0 452 1 1 VSM
62 0 381 1 1 VSM
62 0 459 1 1 VSM
62 0 1383 1 1 VSM
62 0 1268 1 1 VSM
62 0 787 1 1 VSM
62 0 788 1 1 VSM
62 0 845 1 1 VSM
62 0 798 1 1 VSM
63 0 839 1 1 VSM
63 0 1051 1 1 VSM
63 0 738 1 1 VSM
63 0 721 1 1 VSM
63 0 1166 1 1 VSM
63 0 891 1 1 VSM
63 0 812 1 1 VSM
63 0 786 1 1 VSM
63 0 845 1 1 VSM
63 0 846 1 1 VSM
64 0 202 1 1 VSM
64 0 856 1 1 VSM
64 0 1204 1 1 VSM
64 0 753 1 1 VSM
64 0 947 1 1 VSM
64 0 914 1 1 VSM
64 0 441 1 1 VSM
64 0 1034 1 1 VSM
64 0 52 1 1 VSM
64 0 908 1 1 VSM
65 0 388 1 1 VSM
65 0 569 1 1 VSM
65 0 1244 1 1 VSM
65 0 89 1 1 VSM
65 0 62 1 1 VSM
65 0 1107 1 1 VSM
65 0 798 1 1 VSM
65 0 1382 1 1 VSM
65 0 1225 1 1 VSM
65 0 329 1 1 VSM
66 0 329 1 1 VSM
66 0 128 1 1 VSM
66 0 1182 1 1 VSM
66 0 97 1 1 VSM
66 0 1072 1 1 VSM
66 0 484 1 1 VSM
66 0 660 1 1 VSM
66 0 310 1 1 VSM
66 0 305 1 1 VSM
66 0 1244 1 1 VSM
67 0 1244 1 1 VSM
67 0 458 1 1 VSM
67 0 9 1 1 VSM
67 0 1398 1 1 VSM
67 0 89 1 1 VSM
67 0 1107 1 1 VSM
67 0 329 1 1 VSM
67 0 149 1 1 VSM
67 0 798 1 1 VSM
67 0 388 1 1 VSM
68 0 628 1 1 VSM
68 0 344 1 1 VSM
68 0 662 1 1 VSM
68 0 364 1 1 VSM
68 0 272 1 1 VSM
68 0 125 1 1 VSM
68 0 773 1 1 VSM
68 0 974 1 1 VSM
68 0 1205 1 1 VSM
68 0 79 1 1 VSM
69 0 329 1 1 VSM
69 0 1382 1 1 VSM
69 0 1383 1 1 VSM
69 0 458 1 1 VSM
69 0 459 1 1 VSM
69 0 798 1 1 VSM
69 0 1154 1 1 VSM
69 0 24 1 1 VSM
69 0 1149 1 1 VSM
69 0 255 1 1 VSM
70 0 1149 1 1 VSM
70 0 329 1 1 VSM
70 0 1382 1 1 VSM
70 0 300 1 1 VSM
70 0 62 1 1 VSM
70 0 798 1 1 VSM
70 0 24 1 1 VSM
70 0 1383 1 1 VSM
70 0 540 1 1 VSM
70 0 459 1 1 VSM
71 0 329 1 1 VSM
71 0 170 1 1 VSM
71 0 540 1 1 VSM
71 0 798 1 1 VSM
71 0 573 1 1 VSM
71 0 305 1 1 VSM
71 0 572 1 1 VSM
71 0 625 1 1 VSM
71 0 310 1 1 VSM
71 0 25 1 1 VSM
72 0 1313 1 1 VSM
72 0 315 1 1 VSM
72 0 798 1 1 VSM
72 0 329 1 1 VSM
72 0 1381 1 1 VSM
72 0 1040 1 1 VSM
72 0 193 1 1 VSM
72 0 1229 1 1 VSM
72 0 272 1 1 VSM
72 0 189 1 1 VSM
73 0 332 1 1 VSM
73 0 573 1 1 VSM
73 0 541 1 1 VSM
73 0 401 1 1 VSM
73 0 572 1 1 VSM
73 0 1201 1 1 VSM
73 0 1310 1 1 VSM
73 0 1296 1 1 VSM
73 0 160 1 1 VSM
73 0 625 1 1 VSM
74 0 625 1 1 VSM
74 0 576 1 1 VSM
74 0 876 1 1 VSM
74 0 656 1 1 VSM
74 0 1153 1 1 VSM
74 0 329 1 1 VSM
74 0 904 1 1 VSM
74 0 1204 1 1 VSM
74 0 185 1 1 VSM
74 0 519 1 1 VSM
75 0 329 1 1 VSM
75 0 1097 1 1 VSM
75 0 623 1 1 VSM
75 0 1201 1 1 VSM
75 0 962 1 1 VSM
75 0 565 1 1 VSM
75 0 123 1 1 VSM
75 0 554 1 1 VSM
75 0 959 1 1 VSM
75 0 928 1 1 VSM
76 0 329 1 1 VSM
76 0 1313 1 1 VSM
76 0 272 1 1 VSM
76 0 315 1 1 VSM
76 0 798 1 1 VSM
76 0 9 1 1 VSM
76 0 667 1 1 VSM
76 0 1264 1 1 VSM
76 0 572 1 1 VSM
76 0 565 1 1 VSM
77 0 329 1 1 VSM
77 0 1313 1 1 VSM
77 0 272 1 1 VSM
77 0 1264 1 1 VSM
77 0 798 1 1 VSM
77 0 315 1 1 VSM
77 0 667 1 1 VSM
77 0 170 1 1 VSM
77 0 572 1 1 VSM
77 0 757 1 1 VSM
78 0 589 1 1 VSM
78 0 588 1 1 VSM
78 0 216 1 1 VSM
78 0 138 1 1 VSM
78 0 543 1 1 VSM
78 0 576 1 1 VSM
78 0 237 1 1 VSM
78 0 426 1 1 VSM
78 0 928 1 1 VSM
78 0 591 1 1 VSM
79 0 199 1 1 VSM
79 0 1066 1 1 VSM
79 0 1313 1 1 VSM
79 0 689 1 1 VSM
79 0 748 1 1 VSM
79 0 806 1 1 VSM
79 0 1310 1 1 VSM
79 0 567 1 1 VSM
79 0 572 1 1 VSM
79 0 996 1 1 VSM
80 0 199 1 1 VSM
80 0 1066 1 1 VSM
80 0 1313 1 1 VSM
80 0 1335 1 1 VSM
80 0 441 1 1 VSM
80 0 168 1 1 VSM
80 0 1019 1 1 VSM
80 0 599 1 1 VSM
80 0 544 1 1 VSM
80 0 790 1 1 VSM
81 0 206 1 1 VSM
81 0 799 1 1 VSM
81 0 42 1 1 VSM
81 0 185 1 1 VSM
81 0 714 1 1 VSM
81 0 249 1 1 VSM
81 0 252 1 1 VSM
81 0 904 1 1 VSM
81 0 245 1 1 VSM
81 0 652 1 1 VSM
82 0 433 1 1 VSM
82 0 811 1 1 VSM
82 0 677 1 1 VSM
82 0 699 1 1 VSM
82 0 1289 1 1 VSM
82 0 712 1 1 VSM
82 0 1334 1 1 VSM
82 0 1339 1 1 VSM
82 0 701 1 1 VSM
82 0 206 1 1 VSM
83 0 820 1 1 VSM
83 0 1119 1 1 VSM
83 0 1275 1 1 VSM
83 0 826 1 1 VSM
83 0 232 1 1 VSM
83 0 1053 1 1 VSM
83 0 680 1 1 VSM
83 0 179 1 1 VSM
83 0 24 1 1 VSM
83 0 329 1 1 VSM
84 0 522 1 1 VSM
84 0 294 1 1 VSM
84 0 976 1 1 VSM
84 0 688 1 1 VSM
84 0 962 1 1 VSM
84 0 344 1 1 VSM
84 0 1104 1 1 VSM
84 0 554 1 1 VSM
84 0 122 1 1 VSM
84 0 798 1 1 VSM
85 0 272 1 1 VSM
85 0 315 1 1 VSM
85 0 522 1 1 VSM
85 0 798 1 1 VSM
85 0 294 1 1 VSM
85 0 9 1 1 VSM
85 0 874 1 1 VSM
85 0 96 1 1 VSM
85 0 80 1 1 VSM
85 0 244 1 1 VSM
86 0 755 1 1 VSM
86 0 790 1 1 VSM
86 0 199 1 1 VSM
86 0 594 1 1 VSM
86 0 874 1 1 VSM
86 0 431 1 1 VSM
86 0 904 1 1 VSM
86 0 876 1 1 VSM
86 0 1155 1 1 VSM
86 0 1153 1 1 VSM
87 0 798 1 1 VSM
87 0 329 1 1 VSM
87 0 1313 1 1 VSM
87 0 569 1 1 VSM
87 0 667 1 1 VSM
87 0 572 1 1 VSM
87 0 1300 1 1 VSM
87 0 439 1 1 VSM
87 0 334 1 1 VSM
87 0 683 1 1 VSM
88 0 548 1 1 VSM
88 0 622 1 1 VSM
88 0 613 1 1 VSM
88 0 614 1 1 VSM
88 0 616 1 1 VSM
88 0 615 1 1 VSM
88 0 618 1 1 VSM
88 0 162 1 1 VSM
88 0 617 1 1 VSM
88 0 218 1 1 VSM
89 0 433 1 1 VSM
89 0 699 1 1 VSM
89 0 1341 1 1 VSM
89 0 797 1 1 VSM
89 0 205 1 1 VSM
89 0 794 1 1 VSM
89 0 420 1 1 VSM
89 0 696 1 1 VSM
89 0 673 1 1 VSM
89 0 712 1 1 VSM
90 0 996 1 1 VSM
90 0 798 1 1 VSM
90 0 240 1 1 VSM
90 0 187 1 1 VSM
90 0 311 1 1 VSM
90 0 53 1 1 VSM
90 0 1187 1 1 VSM
90 0 651 1 1 VSM
90 0 1351 1 1 VSM
90 0 959 1 1 VSM
91 0 252 1 1 VSM
91 0 610 1 1 VSM
91 0 799 1 1 VSM
91 0 924 1 1 VSM
91 0 520 1 1 VSM
91 0 801 1 1 VSM
91 0 197 1 1 VSM
91 0 114 1 1 VSM
91 0 1075 1 1 VSM
91 0 315 1 1 VSM
92 0 806 1 1 VSM
92 0 810 1 1 VSM
92 0 1201 1 1 VSM
92 0 1247 1 1 VSM
92 0 804 1 1 VSM
92 0 1252 1 1 VSM
92 0 683 1 1 VSM
92 0 811 1 1 VSM
92 0 1147 1 1 VSM
92 0 673 1 1 VSM
93 0 635 1 1 VSM
93 0 1072 1 1 VSM
93 0 691 1 1 VSM
93 0 234 1 1 VSM
93 0 232 1 1 VSM
93 0 1336 1 1 VSM
93 0 572 1 1 VSM
93 0 144 1 1 VSM
93 0 329 1 1 VSM
93 0 686 1 1 VSM
94 0 1104 1 1 VSM
94 0 1393 1 1 VSM
94 0 1040 1 1 VSM
94 0 101 1 1 VSM
94 0 522 1 1 VSM
94 0 24 1 1 VSM
94 0 572 1 1 VSM
94 0 962 1 1 VSM
94 0 329 1 1 VSM
94 0 717 1 1 VSM
95 0 662 1 1 VSM
95 0 962 1 1 VSM
95 0 123 1 1 VSM
95 0 1104 1 1 VSM
95 0 554 1 1 VSM
95 0 101 1 1 VSM
95 0 522 1 1 VSM
95 0 553 1 1 VSM
95 0 623 1 1 VSM
95 0 1204 1 1 VSM
96 0 712 1 1 VSM
96 0 699 1 1 VSM
96 0 811 1 1 VSM
96 0 433 1 1 VSM
96 0 698 1 1 VSM
96 0 779 1 1 VSM
96 0 1239 1 1 VSM
96 0 673 1 1 VSM
96 0 701 1 1 VSM
96 0 683 1 1 VSM
97 0 1289 1 1 VSM
97 0 1331 1 1 VSM
97 0 329 1 1 VSM
97 0 781 1 1 VSM
97 0 779 1 1 VSM
97 0 673 1 1 VSM
97 0 882 1 1 VSM
97 0 1391 1 1 VSM
97 0 1214 1 1 VSM
97 0 783 1 1 VSM
98 0 673 1 1 VSM
98 0 638 1 1 VSM
98 0 792 1 1 VSM
98 0 252 1 1 VSM
98 0 433 1 1 VSM
98 0 1163 1 1 VSM
98 0 315 1 1 VSM
98 0 685 1 1 VSM
98 0 1095 1 1 VSM
98 0 704 1 1 VSM
99 0 639 1 1 VSM
99 0 717 1 1 VSM
99 0 719 1 1 VSM
99 0 77 1 1 VSM
99 0 164 1 1 VSM
99 0 715 1 1 VSM
99 0 716 1 1 VSM
99 0 163 1 1 VSM
99 0 1344 1 1 VSM
99 0 1201 1 1 VSM
100 0 739 1 1 VSM
100 0 1122 1 1 VSM
100 0 1172 1 1 VSM
100 0 822 1 1 VSM
100 0 760 1 1 VSM
100 0 928 1 1 VSM
100 0 740 1 1 VSM
100 0 826 1 1 VSM
100 0 1013 1 1 VSM
100 0 1017 1 1 VSM
101 0 820 1 1 VSM
101 0 1119 1 1 VSM
101 0 826 1 1 VSM
101 0 825 1 1 VSM
101 0 819 1 1 VSM
101 0 760 1 1 VSM
101 0 818 1 1 VSM
101 0 823 1 1 VSM
101 0 599 1 1 VSM
101 0 417 1 1 VSM
102 0 1092 1 1 VSM
102 0 660 1 1 VSM
102 0 640 1 1 VSM
102 0 1166 1 1 VSM
102 0 1268 1 1 VSM
102 0 51 1 1 VSM
102 0 729 1 1 VSM
102 0 1039 1 1 VSM
102 0 47 1 1 VSM
102 0 588 1 1 VSM
103 0 761 1 1 VSM
103 0 1214 1 1 VSM
103 0 720 1 1 VSM
103 0 329 1 1 VSM
103 0 739 1 1 VSM
103 0 827 1 1 VSM
103 0 1127 1 1 VSM
103 0 1119 1 1 VSM
103 0 770 1 1 VSM
103 0 1204 1 1 VSM
104 0 762 1 1 VSM
104 0 29 1 1 VSM
104 0 1024 1 1 VSM
104 0 644 1 1 VSM
104 0 1316 1 1 VSM
104 0 462 1 1 VSM
104 0 826 1 1 VSM
104 0 1175 1 1 VSM
104 0 1177 1 1 VSM
104 0 837 1 1 VSM
105 0 764 1 1 VSM
105 0 846 1 1 VSM
105 0 739 1 1 VSM
105 0 826 1 1 VSM
105 0 848 1 1 VSM
105 0 889 1 1 VSM
105 0 908 1 1 VSM
105 0 743 1 1 VSM
105 0 1019 1 1 VSM
105 0 740 1 1 VSM
106 0 739 1 1 VSM
106 0 908 1 1 VSM
106 0 764 1 1 VSM
106 0 826 1 1 VSM
106 0 844 1 1 VSM
106 0 1066 1 1 VSM
106 0 890 1 1 VSM
106 0 930 1 1 VSM
106 0 1070 1 1 VSM
106 0 42 1 1 VSM
107 0 640 1 1 VSM
107 0 51 1 1 VSM
107 0 811 1 1 VSM
107 0 100 1 1 VSM
107 0 209 1 1 VSM
107 0 724 1 1 VSM
107 0 725 1 1 VSM
107 0 883 1 1 VSM
107 0 1039 1 1 VSM
107 0 219 1 1 VSM
108 0 1244 1 1 VSM
108 0 724 1 1 VSM
108 0 640 1 1 VSM
108 0 75 1 1 VSM
108 0 720 1 1 VSM
108 0 726 1 1 VSM
108 0 51 1 1 VSM
108 0 1175 1 1 VSM
108 0 727 1 1 VSM
108 0 884 1 1 VSM
109 0 856 1 1 VSM
109 0 859 1 1 VSM
109 0 857 1 1 VSM
109 0 658 1 1 VSM
109 0 766 1 1 VSM
109 0 1392 1 1 VSM
109 0 858 1 1 VSM
109 0 51 1 1 VSM
109 0 894 1 1 VSM
109 0 391 1 1 VSM
110 0 827 1 1 VSM
110 0 739 1 1 VSM
110 0 1035 1 1 VSM
110 0 1398 1 1 VSM
110 0 1387 1 1 VSM
110 0 856 1 1 VSM
110 0 928 1 1 VSM
110 0 1172 1 1 VSM
110 0 820 1 1 VSM
110 0 1013 1 1 VSM
111 0 856 1 1 VSM
111 0 857 1 1 VSM
111 0 766 1 1 VSM
111 0 859 1 1 VSM
111 0 894 1 1 VSM
111 0 1392 1 1 VSM
111 0 658 1 1 VSM
111 0 858 1 1 VSM
111 0 202 1 1 VSM
111 0 391 1 1 VSM
112 0 730 1 1 VSM
112 0 641 1 1 VSM
112 0 733 1 1 VSM
112 0 1398 1 1 VSM
112 0 734 1 1 VSM
112 0 1392 1 1 VSM
112 0 731 1 1 VSM
112 0 1108 1 1 VSM
112 0 826 1 1 VSM
112 0 1370 1 1 VSM
113 0 1313 1 1 VSM
113 0 638 1 1 VSM
113 0 748 1 1 VSM
113 0 947 1 1 VSM
113 0 1381 1 1 VSM
113 0 815 1 1 VSM
113 0 1066 1 1 VSM
113 0 704 1 1 VSM
113 0 1290 1 1 VSM
113 0 689 1 1 VSM
114 0 712 1 1 VSM
114 0 895 1 1 VSM
114 0 433 1 1 VSM
114 0 1290 1 1 VSM
114 0 704 1 1 VSM
114 0 193 1 1 VSM
114 0 1289 1 1 VSM
114 0 757 1 1 VSM
114 0 917 1 1 VSM
114 0 699 1 1 VSM
115 0 486 1 1 VSM
115 0 540 1 1 VSM
115 0 51 1 1 VSM
115 0 193 1 1 VSM
115 0 746 1 1 VSM
115 0 14 1 1 VSM
115 0 94 1 1 VSM
115 0 782 1 1 VSM
115 0 395 1 1 VSM
115 0 522 1 1 VSM
116 0 225 1 1 VSM
116 0 522 1 1 VSM
116 0 811 1 1 VSM
116 0 423 1 1 VSM
116 0 701 1 1 VSM
116 0 801 1 1 VSM
116 0 272 1 1 VSM
116 0 1380 1 1 VSM
116 0 1239 1 1 VSM
116 0 1303 1 1 VSM
117 0 927 1 1 VSM
117 0 189 1 1 VSM
117 0 947 1 1 VSM
117 0 688 1 1 VSM
117 0 1239 1 1 VSM
117 0 122 1 1 VSM
117 0 1328 1 1 VSM
117 0 999 1 1 VSM
117 0 196 1 1 VSM
117 0 282 1 1 VSM
118 0 811 1 1 VSM
118 0 1239 1 1 VSM
118 0 246 1 1 VSM
118 0 701 1 1 VSM
118 0 520 1 1 VSM
118 0 1380 1 1 VSM
118 0 924 1 1 VSM
118 0 484 1 1 VSM
118 0 803 1 1 VSM
118 0 360 1 1 VSM
119 0 928 1 1 VSM
119 0 846 1 1 VSM
119 0 1051 1 1 VSM
119 0 781 1 1 VSM
119 0 1122 1 1 VSM
119 0 839 1 1 VSM
119 0 786 1 1 VSM
119 0 891 1 1 VSM
119 0 912 1 1 VSM
119 0 225 1 1 VSM
120 0 739 1 1 VSM
120 0 887 1 1 VSM
120 0 928 1 1 VSM
120 0 740 1 1 VSM
120 0 889 1 1 VSM
120 0 769 1 1 VSM
120 0 827 1 1 VSM
120 0 1172 1 1 VSM
120 0 890 1 1 VSM
120 0 1122 1 1 VSM
121 0 739 1 1 VSM
121 0 827 1 1 VSM
121 0 1017 1 1 VSM
121 0 888 1 1 VSM
121 0 928 1 1 VSM
121 0 887 1 1 VSM
121 0 1035 1 1 VSM
121 0 1127 1 1 VSM
121 0 1178 1 1 VSM
121 0 1268 1 1 VSM
122 0 1070 1 1 VSM
122 0 739 1 1 VSM
122 0 1059 1 1 VSM
122 0 826 1 1 VSM
122 0 930 1 1 VSM
122 0 934 1 1 VSM
122 0 688 1 1 VSM
122 0 78 1 1 VSM
122 0 889 1 1 VSM
122 0 1172 1 1 VSM
123 0 941 1 1 VSM
123 0 270 1 1 VSM
123 0 329 1 1 VSM
123 0 966 1 1 VSM
123 0 34 1 1 VSM
123 0 701 1 1 VSM
123 0 1360 1 1 VSM
123 0 112 1 1 VSM
123 0 1221 1 1 VSM
123 0 310 1 1 VSM
124 0 941 1 1 VSM
124 0 1201 1 1 VSM
124 0 329 1 1 VSM
124 0 1070 1 1 VSM
124 0 1313 1 1 VSM
124 0 739 1 1 VSM
124 0 934 1 1 VSM
124 0 25 1 1 VSM
124 0 417 1 1 VSM
124 0 625 1 1 VSM
125 0 997 1 1 VSM
125 0 1195 1 1 VSM
125 0 695 1 1 VSM
125 0 131 1 1 VSM
125 0 173 1 1 VSM
125 0 696 1 1 VSM
125 0 993 1 1 VSM
125 0 174 1 1 VSM
125 0 721 1 1 VSM
125 0 991 1 1 VSM
126 0 1095 1 1 VSM
126 0 974 1 1 VSM
126 0 1326 1 1 VSM
126 0 773 1 1 VSM
126 0 1265 1 1 VSM
126 0 125 1 1 VSM
126 0 628 1 1 VSM
126 0 994 1 1 VSM
126 0 638 1 1 VSM
126 0 942 1 1 VSM
127 0 869 1 1 VSM
127 0 158 1 1 VSM
127 0 164 1 1 VSM
127 0 1268 1 1 VSM
127 0 395 1 1 VSM
127 0 6 1 1 VSM
127 0 5 1 1 VSM
127 0 962 1 1 VSM
127 0 1248 1 1 VSM
127 0 1104 1 1 VSM
128 0 945 1 1 VSM
128 0 92 1 1 VSM
128 0 1087 1 1 VSM
128 0 493 1 1 VSM
128 0 1246 1 1 VSM
128 0 1219 1 1 VSM
128 0 1063 1 1 VSM
128 0 198 1 1 VSM
128 0 677 1 1 VSM
128 0 762 1 1 VSM
129 0 987 1 1 VSM
129 0 945 1 1 VSM
129 0 199 1 1 VSM
129 0 989 1 1 VSM
129 0 300 1 1 VSM
129 0 341 1 1 VSM
129 0 988 1 1 VSM
129 0 198 1 1 VSM
129 0 936 1 1 VSM
129 0 329 1 1 VSM
130 0 766 1 1 VSM
130 0 859 1 1 VSM
130 0 856 1 1 VSM
130 0 857 1 1 VSM
130 0 948 1 1 VSM
130 0 658 1 1 VSM
130 0 858 1 1 VSM
130 0 753 1 1 VSM
130 0 391 1 1 VSM
130 0 1392 1 1 VSM
131 0 1025 1 1 VSM
131 0 1019 1 1 VSM
131 0 1024 1 1 VSM
131 0 950 1 1 VSM
131 0 1017 1 1 VSM
131 0 1028 1 1 VSM
131 0 1034 1 1 VSM
131 0 1015 1 1 VSM
131 0 1012 1 1 VSM
131 0 1018 1 1 VSM
132 0 1028 1 1 VSM
132 0 1013 1 1 VSM
132 0 1017 1 1 VSM
132 0 827 1 1 VSM
132 0 1015 1 1 VSM
132 0 739 1 1 VSM
132 0 1024 1 1 VSM
132 0 1035 1 1 VSM
132 0 1025 1 1 VSM
132 0 928 1 1 VSM
133 0 1028 1 1 VSM
133 0 1013 1 1 VSM
133 0 1015 1 1 VSM
133 0 827 1 1 VSM
133 0 1017 1 1 VSM
133 0 739 1 1 VSM
133 0 1024 1 1 VSM
133 0 856 1 1 VSM
133 0 928 1 1 VSM
133 0 1035 1 1 VSM
134 0 1028 1 1 VSM
134 0 721 1 1 VSM
134 0 1015 1 1 VSM
134 0 739 1 1 VSM
134 0 1013 1 1 VSM
134 0 827 1 1 VSM
134 0 640 1 1 VSM
134 0 820 1 1 VSM
134 0 1012 1 1 VSM
134 0 1017 1 1 VSM
135 0 1017 1 1 VSM
135 0 1024 1 1 VSM
135 0 1019 1 1 VSM
135 0 1015 1 1 VSM
135 0 1028 1 1 VSM
135 0 1013 1 1 VSM
135 0 1025 1 1 VSM
135 0 1018 1 1 VSM
135 0 1012 1 1 VSM
135 0 1026 1 1 VSM
136 0 140 1 1 VSM
136 0 1028 1 1 VSM
136 0 239 1 1 VSM
136 0 1013 1 1 VSM
136 0 1015 1 1 VSM
136 0 1082 1 1 VSM
136 0 1125 1 1 VSM
136 0 1017 1 1 VSM
136 0 891 1 1 VSM
136 0 1033 1 1 VSM
137 0 952 1 1 VSM
137 0 1028 1 1 VSM
137 0 1024 1 1 VSM
137 0 826 1 1 VSM
137 0 1015 1 1 VSM
137 0 1034 1 1 VSM
137 0 767 1 1 VSM
137 0 1172 1 1 VSM
137 0 1026 1 1 VSM
137 0 1013 1 1 VSM
138 0 826 1 1 VSM
138 0 846 1 1 VSM
138 0 844 1 1 VSM
138 0 764 1 1 VSM
138 0 889 1 1 VSM
138 0 129 1 1 VSM
138 0 845 1 1 VSM
138 0 739 1 1 VSM
138 0 740 1 1 VSM
138 0 928 1 1 VSM
139 0 826 1 1 VSM
139 0 846 1 1 VSM
139 0 844 1 1 VSM
139 0 129 1 1 VSM
139 0 764 1 1 VSM
139 0 845 1 1 VSM
139 0 739 1 1 VSM
139 0 897 1 1 VSM
139 0 1066 1 1 VSM
139 0 887 1 1 VSM
140 0 1039 1 1 VSM
140 0 954 1 1 VSM
140 0 837 1 1 VSM
140 0 640 1 1 VSM
140 0 870 1 1 VSM
140 0 720 1 1 VSM
140 0 66 1 1 VSM
140 0 721 1 1 VSM
140 0 51 1 1 VSM
140 0 729 1 1 VSM
141 0 826 1 1 VSM
141 0 889 1 1 VSM
141 0 890 1 1 VSM
141 0 1043 1 1 VSM
141 0 930 1 1 VSM
141 0 739 1 1 VSM
141 0 1044 1 1 VSM
141 0 1039 1 1 VSM
141 0 828 1 1 VSM
141 0 837 1 1 VSM
142 0 827 1 1 VSM
142 0 1134 1 1 VSM
142 0 1201 1 1 VSM
142 0 1039 1 1 VSM
142 0 954 1 1 VSM
142 0 889 1 1 VSM
142 0 1136 1 1 VSM
142 0 870 1 1 VSM
142 0 1125 1 1 VSM
142 0 928 1 1 VSM
143 0 826 1 1 VSM
143 0 889 1 1 VSM
143 0 930 1 1 VSM
143 0 1043 1 1 VSM
143 0 890 1 1 VSM
143 0 739 1 1 VSM
143 0 1039 1 1 VSM
143 0 1044 1 1 VSM
143 0 1070 1 1 VSM
143 0 1129 1 1 VSM
144 0 839 1 1 VSM
144 0 846 1 1 VSM
144 0 1039 1 1 VSM
144 0 199 1 1 VSM
144 0 786 1 1 VSM
144 0 955 1 1 VSM
144 0 891 1 1 VSM
144 0 763 1 1 VSM
144 0 845 1 1 VSM
144 0 646 1 1 VSM
145 0 1051 1 1 VSM
145 0 839 1 1 VSM
145 0 928 1 1 VSM
145 0 827 1 1 VSM
145 0 1024 1 1 VSM
145 0 1119 1 1 VSM
145 0 329 1 1 VSM
145 0 673 1 1 VSM
145 0 891 1 1 VSM
145 0 520 1 1 VSM
146 0 955 1 1 VSM
146 0 840 1 1 VSM
146 0 1175 1 1 VSM
146 0 839 1 1 VSM
146 0 730 1 1 VSM
146 0 641 1 1 VSM
146 0 928 1 1 VSM
146 0 234 1 1 VSM
146 0 1119 1 1 VSM
146 0 891 1 1 VSM
147 0 956 1 1 VSM
147 0 1392 1 1 VSM
147 0 1119 1 1 VSM
147 0 1387 1 1 VSM
147 0 1172 1 1 VSM
147 0 1128 1 1 VSM
147 0 889 1 1 VSM
147 0 1049 1 1 VSM
147 0 720 1 1 VSM
147 0 1050 1 1 VSM
148 0 827 1 1 VSM
148 0 928 1 1 VSM
148 0 739 1 1 VSM
148 0 956 1 1 VSM
148 0 820 1 1 VSM
148 0 720 1 1 VSM
148 0 1119 1 1 VSM
148 0 888 1 1 VSM
148 0 1127 1 1 VSM
148 0 1122 1 1 VSM
149 0 930 1 1 VSM
149 0 1070 1 1 VSM
149 0 739 1 1 VSM
149 0 826 1 1 VSM
149 0 1059 1 1 VSM
149 0 1024 1 1 VSM
149 0 889 1 1 VSM
149 0 1361 1 1 VSM
149 0 1044 1 1 VSM
149 0 934 1 1 VSM
150 0 1075 1 1 VSM
150 0 1074 1 1 VSM
150 0 1202 1 1 VSM
150 0 1062 1 1 VSM
150 0 432 1 1 VSM
150 0 1313 1 1 VSM
150 0 193 1 1 VSM
150 0 124 1 1 VSM
150 0 1300 1 1 VSM
150 0 1243 1 1 VSM
151 0 433 1 1 VSM
151 0 696 1 1 VSM
151 0 1246 1 1 VSM
151 0 225 1 1 VSM
151 0 1289 1 1 VSM
151 0 673 1 1 VSM
151 0 677 1 1 VSM
151 0 1166 1 1 VSM
151 0 1229 1 1 VSM
151 0 794 1 1 VSM
152 0 696 1 1 VSM
152 0 433 1 1 VSM
152 0 673 1 1 VSM
152 0 189 1 1 VSM
152 0 1225 1 1 VSM
152 0 794 1 1 VSM
152 0 205 1 1 VSM
152 0 1289 1 1 VSM
152 0 1229 1 1 VSM
152 0 699 1 1 VSM
153 0 329 1 1 VSM
153 0 1063 1 1 VSM
153 0 1082 1 1 VSM
153 0 300 1 1 VSM
153 0 1235 1 1 VSM
153 0 349 1 1 VSM
153 0 1088 1 1 VSM
153 0 266 1 1 VSM
153 0 987 1 1 VSM
153 0 1081 1 1 VSM
154 0 1088 1 1 VSM
154 0 1087 1 1 VSM
154 0 832 1 1 VSM
154 0 225 1 1 VSM
154 0 1108 1 1 VSM
154 0 1375 1 1 VSM
154 0 730 1 1 VSM
154 0 827 1 1 VSM
154 0 1262 1 1 VSM
154 0 987 1 1 VSM
155 0 553 1 1 VSM
155 0 1097 1 1 VSM
155 0 806 1 1 VSM
155 0 805 1 1 VSM
155 0 1147 1 1 VSM
155 0 1099 1 1 VSM
155 0 1100 1 1 VSM
155 0 77 1 1 VSM
155 0 1101 1 1 VSM
155 0 804 1 1 VSM
156 0 1097 1 1 VSM
156 0 553 1 1 VSM
156 0 1098 1 1 VSM
156 0 1096 1 1 VSM
156 0 1099 1 1 VSM
156 0 1100 1 1 VSM
156 0 82 1 1 VSM
156 0 1025 1 1 VSM
156 0 1279 1 1 VSM
156 0 1065 1 1 VSM
157 0 160 1 1 VSM
157 0 1239 1 1 VSM
157 0 1201 1 1 VSM
157 0 25 1 1 VSM
157 0 976 1 1 VSM
157 0 433 1 1 VSM
157 0 927 1 1 VSM
157 0 946 1 1 VSM
157 0 688 1 1 VSM
157 0 576 1 1 VSM
158 0 302 1 1 VSM
158 0 1199 1 1 VSM
158 0 185 1 1 VSM
158 0 691 1 1 VSM
158 0 949 1 1 VSM
158 0 1336 1 1 VSM
158 0 635 1 1 VSM
158 0 328 1 1 VSM
158 0 1214 1 1 VSM
158 0 616 1 1 VSM
159 0 1066 1 1 VSM
159 0 77 1 1 VSM
159 0 42 1 1 VSM
159 0 1321 1 1 VSM
159 0 1197 1 1 VSM
159 0 717 1 1 VSM
159 0 846 1 1 VSM
159 0 25 1 1 VSM
159 0 1115 1 1 VSM
159 0 927 1 1 VSM
160 0 739 1 1 VSM
160 0 1134 1 1 VSM
160 0 826 1 1 VSM
160 0 890 1 1 VSM
160 0 1172 1 1 VSM
160 0 889 1 1 VSM
160 0 1071 1 1 VSM
160 0 928 1 1 VSM
160 0 740 1 1 VSM
160 0 887 1 1 VSM
161 0 240 1 1 VSM
161 0 798 1 1 VSM
161 0 329 1 1 VSM
161 0 1386 1 1 VSM
161 0 962 1 1 VSM
161 0 1382 1 1 VSM
161 0 959 1 1 VSM
161 0 1375 1 1 VSM
161 0 54 1 1 VSM
161 0 1366 1 1 VSM
162 0 798 1 1 VSM
162 0 240 1 1 VSM
162 0 62 1 1 VSM
162 0 959 1 1 VSM
162 0 329 1 1 VSM
162 0 1382 1 1 VSM
162 0 1383 1 1 VSM
162 0 962 1 1 VSM
162 0 24 1 1 VSM
162 0 364 1 1 VSM
163 0 1040 1 1 VSM
163 0 373 1 1 VSM
163 0 232 1 1 VSM
163 0 1347 1 1 VSM
163 0 56 1 1 VSM
163 0 1231 1 1 VSM
163 0 189 1 1 VSM
163 0 1307 1 1 VSM
163 0 434 1 1 VSM
163 0 234 1 1 VSM
164 0 996 1 1 VSM
164 0 798 1 1 VSM
164 0 240 1 1 VSM
164 0 187 1 1 VSM
164 0 311 1 1 VSM
164 0 53 1 1 VSM
164 0 1225 1 1 VSM
164 0 1239 1 1 VSM
164 0 651 1 1 VSM
164 0 1351 1 1 VSM
165 0 798 1 1 VSM
165 0 417 1 1 VSM
165 0 504 1 1 VSM
165 0 72 1 1 VSM
165 0 209 1 1 VSM
165 0 1268 1 1 VSM
165 0 329 1 1 VSM
165 0 64 1 1 VSM
165 0 569 1 1 VSM
165 0 1154 1 1 VSM
166 0 798 1 1 VSM
166 0 504 1 1 VSM
166 0 329 1 1 VSM
166 0 209 1 1 VSM
166 0 1321 1 1 VSM
166 0 72 1 1 VSM
166 0 569 1 1 VSM
166 0 1268 1 1 VSM
166 0 64 1 1 VSM
166 0 1154 1 1 VSM
167 0 553 1 1 VSM
167 0 1097 1 1 VSM
167 0 1147 1 1 VSM
167 0 82 1 1 VSM
167 0 1279 1 1 VSM
167 0 274 1 1 VSM
167 0 1100 1 1 VSM
167 0 77 1 1 VSM
167 0 980 1 1 VSM
167 0 193 1 1 VSM
168 0 173 1 1 VSM
168 0 221 1 1 VSM
168 0 341 1 1 VSM
168 0 970 1 1 VSM
168 0 750 1 1 VSM
168 0 136 1 1 VSM
168 0 213 1 1 VSM
168 0 118 1 1 VSM
168 0 172 1 1 VSM
168 0 1187 1 1 VSM
169 0 173 1 1 VSM
169 0 157 1 1 VSM
169 0 221 1 1 VSM
169 0 970 1 1 VSM
169 0 750 1 1 VSM
169 0 341 1 1 VSM
169 0 213 1 1 VSM
169 0 136 1 1 VSM
169 0 118 1 1 VSM
169 0 172 1 1 VSM
170 0 1082 1 1 VSM
170 0 272 1 1 VSM
170 0 239 1 1 VSM
170 0 315 1 1 VSM
170 0 893 1 1 VSM
170 0 165 1 1 VSM
170 0 1313 1 1 VSM
170 0 904 1 1 VSM
170 0 1040 1 1 VSM
170 0 139 1 1 VSM
171 0 431 1 1 VSM
171 0 904 1 1 VSM
171 0 199 1 1 VSM
171 0 1204 1 1 VSM
171 0 252 1 1 VSM
171 0 874 1 1 VSM
171 0 516 1 1 VSM
171 0 808 1 1 VSM
171 0 1155 1 1 VSM
171 0 755 1 1 VSM
172 0 527 1 1 VSM
172 0 476 1 1 VSM
172 0 1370 1 1 VSM
172 0 1382 1 1 VSM
172 0 458 1 1 VSM
172 0 1235 1 1 VSM
172 0 329 1 1 VSM
172 0 321 1 1 VSM
172 0 734 1 1 VSM
172 0 1149 1 1 VSM
173 0 532 1 1 VSM
173 0 367 1 1 VSM
173 0 1047 1 1 VSM
173 0 767 1 1 VSM
173 0 917 1 1 VSM
173 0 1375 1 1 VSM
173 0 1119 1 1 VSM
173 0 1392 1 1 VSM
173 0 451 1 1 VSM
173 0 548 1 1 VSM
174 0 1313 1 1 VSM
174 0 1319 1 1 VSM
174 0 1274 1 1 VSM
174 0 329 1 1 VSM
174 0 1157 1 1 VSM
174 0 523 1 1 VSM
174 0 411 1 1 VSM
174 0 483 1 1 VSM
174 0 757 1 1 VSM
174 0 1264 1 1 VSM
175 0 941 1 1 VSM
175 0 315 1 1 VSM
175 0 270 1 1 VSM
175 0 272 1 1 VSM
175 0 1082 1 1 VSM
175 0 1040 1 1 VSM
175 0 417 1 1 VSM
175 0 9 1 1 VSM
175 0 165 1 1 VSM
175 0 53 1 1 VSM
176 0 542 1 1 VSM
176 0 1248 1 1 VSM
176 0 160 1 1 VSM
176 0 869 1 1 VSM
176 0 1375 1 1 VSM
176 0 329 1 1 VSM
176 0 962 1 1 VSM
176 0 164 1 1 VSM
176 0 395 1 1 VSM
176 0 606 1 1 VSM
177 0 589 1 1 VSM
177 0 588 1 1 VSM
177 0 576 1 1 VSM
177 0 216 1 1 VSM
177 0 138 1 1 VSM
177 0 543 1 1 VSM
177 0 1066 1 1 VSM
177 0 426 1 1 VSM
177 0 590 1 1 VSM
177 0 441 1 1 VSM
178 0 589 1 1 VSM
178 0 216 1 1 VSM
178 0 138 1 1 VSM
178 0 591 1 1 VSM
178 0 827 1 1 VSM
178 0 588 1 1 VSM
178 0 543 1 1 VSM
178 0 236 1 1 VSM
178 0 426 1 1 VSM
178 0 1209 1 1 VSM
179 0 701 1 1 VSM
179 0 705 1 1 VSM
179 0 1330 1 1 VSM
179 0 1280 1 1 VSM
179 0 820 1 1 VSM
179 0 731 1 1 VSM
179 0 811 1 1 VSM
179 0 49 1 1 VSM
179 0 1271 1 1 VSM
179 0 227 1 1 VSM
180 0 548 1 1 VSM
180 0 622 1 1 VSM
180 0 218 1 1 VSM
180 0 314 1 1 VSM
180 0 806 1 1 VSM
180 0 616 1 1 VSM
180 0 620 1 1 VSM
180 0 401 1 1 VSM
180 0 1147 1 1 VSM
180 0 811 1 1 VSM
181 0 997 1 1 VSM
181 0 1195 1 1 VSM
181 0 695 1 1 VSM
181 0 131 1 1 VSM
181 0 696 1 1 VSM
181 0 993 1 1 VSM
181 0 173 1 1 VSM
181 0 174 1 1 VSM
181 0 721 1 1 VSM
181 0 991 1 1 VSM
182 0 685 1 1 VSM
182 0 634 1 1 VSM
182 0 70 1 1 VSM
182 0 856 1 1 VSM
182 0 686 1 1 VSM
182 0 593 1 1 VSM
182 0 797 1 1 VSM
182 0 766 1 1 VSM
182 0 1338 1 1 VSM
182 0 193 1 1 VSM
183 0 1247 1 1 VSM
183 0 804 1 1 VSM
183 0 811 1 1 VSM
183 0 927 1 1 VSM
183 0 810 1 1 VSM
183 0 806 1 1 VSM
183 0 1226 1 1 VSM
183 0 88 1 1 VSM
183 0 805 1 1 VSM
183 0 1243 1 1 VSM
184 0 82 1 1 VSM
184 0 554 1 1 VSM
184 0 417 1 1 VSM
184 0 1333 1 1 VSM
184 0 32 1 1 VSM
184 0 639 1 1 VSM
184 0 813 1 1 VSM
184 0 711 1 1 VSM
184 0 1097 1 1 VSM
184 0 716 1 1 VSM
185 0 856 1 1 VSM
185 0 857 1 1 VSM
185 0 766 1 1 VSM
185 0 859 1 1 VSM
185 0 658 1 1 VSM
185 0 858 1 1 VSM
185 0 391 1 1 VSM
185 0 948 1 1 VSM
185 0 1392 1 1 VSM
185 0 753 1 1 VSM
186 0 432 1 1 VSM
186 0 1075 1 1 VSM
186 0 610 1 1 VSM
186 0 252 1 1 VSM
186 0 160 1 1 VSM
186 0 1243 1 1 VSM
186 0 1239 1 1 VSM
186 0 1062 1 1 VSM
186 0 799 1 1 VSM
186 0 1074 1 1 VSM
187 0 739 1 1 VSM
187 0 826 1 1 VSM
187 0 846 1 1 VSM
187 0 763 1 1 VSM
187 0 839 1 1 VSM
187 0 928 1 1 VSM
187 0 827 1 1 VSM
187 0 1172 1 1 VSM
187 0 1052 1 1 VSM
187 0 1070 1 1 VSM
188 0 640 1 1 VSM
188 0 725 1 1 VSM
188 0 722 1 1 VSM
188 0 209 1 1 VSM
188 0 720 1 1 VSM
188 0 781 1 1 VSM
188 0 811 1 1 VSM
188 0 908 1 1 VSM
188 0 219 1 1 VSM
188 0 764 1 1 VSM
189 0 767 1 1 VSM
189 0 640 1 1 VSM
189 0 870 1 1 VSM
189 0 883 1 1 VSM
189 0 768 1 1 VSM
189 0 395 1 1 VSM
189 0 907 1 1 VSM
189 0 198 1 1 VSM
189 0 1082 1 1 VSM
189 0 726 1 1 VSM
190 0 856 1 1 VSM
190 0 857 1 1 VSM
190 0 766 1 1 VSM
190 0 859 1 1 VSM
190 0 1066 1 1 VSM
190 0 658 1 1 VSM
190 0 858 1 1 VSM
190 0 1339 1 1 VSM
190 0 391 1 1 VSM
190 0 948 1 1 VSM
191 0 856 1 1 VSM
191 0 857 1 1 VSM
191 0 766 1 1 VSM
191 0 859 1 1 VSM
191 0 1244 1 1 VSM
191 0 658 1 1 VSM
191 0 1392 1 1 VSM
191 0 858 1 1 VSM
191 0 827 1 1 VSM
191 0 894 1 1 VSM
192 0 1175 1 1 VSM
192 0 734 1 1 VSM
192 0 641 1 1 VSM
192 0 733 1 1 VSM
192 0 735 1 1 VSM
192 0 1056 1 1 VSM
192 0 1170 1 1 VSM
192 0 1202 1 1 VSM
192 0 739 1 1 VSM
192 0 730 1 1 VSM
193 0 730 1 1 VSM
193 0 733 1 1 VSM
193 0 1392 1 1 VSM
193 0 641 1 1 VSM
193 0 1398 1 1 VSM
193 0 266 1 1 VSM
193 0 1387 1 1 VSM
193 0 644 1 1 VSM
193 0 734 1 1 VSM
193 0 1370 1 1 VSM
194 0 739 1 1 VSM
194 0 888 1 1 VSM
194 0 827 1 1 VSM
194 0 642 1 1 VSM
194 0 928 1 1 VSM
194 0 1172 1 1 VSM
194 0 1175 1 1 VSM
194 0 1122 1 1 VSM
194 0 1035 1 1 VSM
194 0 740 1 1 VSM
195 0 739 1 1 VSM
195 0 928 1 1 VSM
195 0 642 1 1 VSM
195 0 888 1 1 VSM
195 0 827 1 1 VSM
195 0 1122 1 1 VSM
195 0 1051 1 1 VSM
195 0 831 1 1 VSM
195 0 1172 1 1 VSM
195 0 1056 1 1 VSM
196 0 94 1 1 VSM
196 0 486 1 1 VSM
196 0 746 1 1 VSM
196 0 623 1 1 VSM
196 0 51 1 1 VSM
196 0 826 1 1 VSM
196 0 14 1 1 VSM
196 0 252 1 1 VSM
196 0 395 1 1 VSM
196 0 193 1 1 VSM
197 0 881 1 1 VSM
197 0 884 1 1 VSM
197 0 768 1 1 VSM
197 0 640 1 1 VSM
197 0 767 1 1 VSM
197 0 1168 1 1 VSM
197 0 927 1 1 VSM
197 0 726 1 1 VSM
197 0 723 1 1 VSM
197 0 1019 1 1 VSM
198 0 739 1 1 VSM
198 0 889 1 1 VSM
198 0 826 1 1 VSM
198 0 740 1 1 VSM
198 0 798 1 1 VSM
198 0 1172 1 1 VSM
198 0 890 1 1 VSM
198 0 743 1 1 VSM
198 0 887 1 1 VSM
198 0 1068 1 1 VSM
199 0 739 1 1 VSM
199 0 930 1 1 VSM
199 0 1059 1 1 VSM
199 0 1070 1 1 VSM
199 0 826 1 1 VSM
199 0 827 1 1 VSM
199 0 1361 1 1 VSM
199 0 1294 1 1 VSM
199 0 830 1 1 VSM
199 0 743 1 1 VSM
200 0 1134 1 1 VSM
200 0 1071 1 1 VSM
200 0 826 1 1 VSM
200 0 889 1 1 VSM
200 0 1137 1 1 VSM
200 0 1375 1 1 VSM
200 0 890 1 1 VSM
200 0 193 1 1 VSM
200 0 1039 1 1 VSM
200 0 1043 1 1 VSM
201 0 329 1 1 VSM
201 0 1313 1 1 VSM
201 0 625 1 1 VSM
201 0 77 1 1 VSM
201 0 401 1 1 VSM
201 0 541 1 1 VSM
201 0 24 1 1 VSM
201 0 572 1 1 VSM
201 0 798 1 1 VSM
201 0 1364 1 1 VSM
202 0 225 1 1 VSM
202 0 423 1 1 VSM
202 0 232 1 1 VSM
202 0 1310 1 1 VSM
202 0 1356 1 1 VSM
202 0 1303 1 1 VSM
202 0 1248 1 1 VSM
202 0 1382 1 1 VSM
202 0 1307 1 1 VSM
202 0 252 1 1 VSM
203 0 225 1 1 VSM
203 0 423 1 1 VSM
203 0 1382 1 1 VSM
203 0 1248 1 1 VSM
203 0 58 1 1 VSM
203 0 122 1 1 VSM
203 0 1303 1 1 VSM
203 0 234 1 1 VSM
203 0 999 1 1 VSM
203 0 927 1 1 VSM
204 0 329 1 1 VSM
204 0 1382 1 1 VSM
204 0 423 1 1 VSM
204 0 1229 1 1 VSM
204 0 94 1 1 VSM
204 0 197 1 1 VSM
204 0 147 1 1 VSM
204 0 1271 1 1 VSM
204 0 443 1 1 VSM
204 0 971 1 1 VSM
205 0 1321 1 1 VSM
205 0 798 1 1 VSM
205 0 1268 1 1 VSM
205 0 959 1 1 VSM
205 0 1322 1 1 VSM
205 0 133 1 1 VSM
205 0 9 1 1 VSM
205 0 73 1 1 VSM
205 0 406 1 1 VSM
205 0 78 1 1 VSM
206 0 1290 1 1 VSM
206 0 252 1 1 VSM
206 0 1338 1 1 VSM
206 0 753 1 1 VSM
206 0 856 1 1 VSM
206 0 801 1 1 VSM
206 0 766 1 1 VSM
206 0 948 1 1 VSM
206 0 876 1 1 VSM
206 0 859 1 1 VSM
207 0 458 1 1 VSM
207 0 189 1 1 VSM
207 0 1154 1 1 VSM
207 0 365 1 1 VSM
207 0 1039 1 1 VSM
207 0 695 1 1 VSM
207 0 174 1 1 VSM
207 0 89 1 1 VSM
207 0 946 1 1 VSM
207 0 1380 1 1 VSM
208 0 1291 1 1 VSM
208 0 1344 1 1 VSM
208 0 163 1 1 VSM
208 0 1204 1 1 VSM
208 0 1380 1 1 VSM
208 0 815 1 1 VSM
208 0 701 1 1 VSM
208 0 1239 1 1 VSM
208 0 566 1 1 VSM
208 0 357 1 1 VSM
209 0 798 1 1 VSM
209 0 996 1 1 VSM
209 0 959 1 1 VSM
209 0 240 1 1 VSM
209 0 315 1 1 VSM
209 0 89 1 1 VSM
209 0 187 1 1 VSM
209 0 1244 1 1 VSM
209 0 1268 1 1 VSM
209 0 1383 1 1 VSM
210 0 1172 1 1 VSM
210 0 739 1 1 VSM
210 0 826 1 1 VSM
210 0 889 1 1 VSM
210 0 740 1 1 VSM
210 0 1119 1 1 VSM
210 0 743 1 1 VSM
210 0 1171 1 1 VSM
210 0 1068 1 1 VSM
210 0 1145 1 1 VSM
211 0 739 1 1 VSM
211 0 889 1 1 VSM
211 0 740 1 1 VSM
211 0 928 1 1 VSM
211 0 890 1 1 VSM
211 0 743 1 1 VSM
211 0 1172 1 1 VSM
211 0 826 1 1 VSM
211 0 827 1 1 VSM
211 0 1070 1 1 VSM
212 0 1178 1 1 VSM
212 0 888 1 1 VSM
212 0 1177 1 1 VSM
212 0 928 1 1 VSM
212 0 870 1 1 VSM
212 0 885 1 1 VSM
212 0 1122 1 1 VSM
212 0 767 1 1 VSM
212 0 1051 1 1 VSM
212 0 839 1 1 VSM
213 0 888 1 1 VSM
213 0 928 1 1 VSM
213 0 885 1 1 VSM
213 0 1173 1 1 VSM
213 0 1178 1 1 VSM
213 0 1122 1 1 VSM
213 0 769 1 1 VSM
213 0 1039 1 1 VSM
213 0 739 1 1 VSM
213 0 891 1 1 VSM
214 0 1294 1 1 VSM
214 0 828 1 1 VSM
214 0 739 1 1 VSM
214 0 756 1 1 VSM
214 0 827 1 1 VSM
214 0 930 1 1 VSM
214 0 1362 1 1 VSM
214 0 47 1 1 VSM
214 0 1043 1 1 VSM
214 0 1059 1 1 VSM
215 0 25 1 1 VSM
215 0 1204 1 1 VSM
215 0 329 1 1 VSM
215 0 535 1 1 VSM
215 0 160 1 1 VSM
215 0 357 1 1 VSM
215 0 1373 1 1 VSM
215 0 401 1 1 VSM
215 0 332 1 1 VSM
215 0 44 1 1 VSM
216 0 1313 1 1 VSM
216 0 174 1 1 VSM
216 0 64 1 1 VSM
216 0 62 1 1 VSM
216 0 1166 1 1 VSM
216 0 1156 1 1 VSM
216 0 721 1 1 VSM
216 0 636 1 1 VSM
216 0 692 1 1 VSM
216 0 132 1 1 VSM
217 0 329 1 1 VSM
217 0 1313 1 1 VSM
217 0 1319 1 1 VSM
217 0 946 1 1 VSM
217 0 1239 1 1 VSM
217 0 1274 1 1 VSM
217 0 522 1 1 VSM
217 0 44 1 1 VSM
217 0 572 1 1 VSM
217 0 554 1 1 VSM
218 0 522 1 1 VSM
218 0 1104 1 1 VSM
218 0 1239 1 1 VSM
218 0 962 1 1 VSM
218 0 44 1 1 VSM
218 0 554 1 1 VSM
218 0 976 1 1 VSM
218 0 688 1 1 VSM
218 0 101 1 1 VSM
218 0 1147 1 1 VSM
219 0 1040 1 1 VSM
219 0 992 1 1 VSM
219 0 315 1 1 VSM
219 0 272 1 1 VSM
219 0 1082 1 1 VSM
219 0 53 1 1 VSM
219 0 189 1 1 VSM
219 0 165 1 1 VSM
219 0 9 1 1 VSM
219 0 197 1 1 VSM
220 0 798 1 1 VSM
220 0 329 1 1 VSM
220 0 458 1 1 VSM
220 0 1268 1 1 VSM
220 0 292 1 1 VSM
220 0 1149 1 1 VSM
220 0 899 1 1 VSM
220 0 738 1 1 VSM
220 0 1375 1 1 VSM
220 0 325 1 1 VSM
221 0 1225 1 1 VSM
221 0 62 1 1 VSM
221 0 798 1 1 VSM
221 0 1371 1 1 VSM
221 0 1386 1 1 VSM
221 0 1366 1 1 VSM
221 0 94 1 1 VSM
221 0 49 1 1 VSM
221 0 73 1 1 VSM
221 0 1375 1 1 VSM
222 0 1398 1 1 VSM
222 0 419 1 1 VSM
222 0 1400 1 1 VSM
222 0 1130 1 1 VSM
222 0 1387 1 1 VSM
222 0 1244 1 1 VSM
222 0 739 1 1 VSM
222 0 827 1 1 VSM
222 0 484 1 1 VSM
222 0 1399 1 1 VSM
223 0 1398 1 1 VSM
223 0 1244 1 1 VSM
223 0 484 1 1 VSM
223 0 1387 1 1 VSM
223 0 388 1 1 VSM
223 0 826 1 1 VSM
223 0 419 1 1 VSM
223 0 1400 1 1 VSM
223 0 400 1 1 VSM
223 0 739 1 1 VSM
224 0 1313 1 1 VSM
224 0 329 1 1 VSM
224 0 110 1 1 VSM
224 0 140 1 1 VSM
224 0 656 1 1 VSM
224 0 1156 1 1 VSM
224 0 236 1 1 VSM
224 0 575 1 1 VSM
224 0 272 1 1 VSM
224 0 1252 1 1 VSM
225 0 1380 1 1 VSM
225 0 1291 1 1 VSM
225 0 638 1 1 VSM
225 0 1188 1 1 VSM
225 0 225 1 1 VSM
225 0 1313 1 1 VSM
225 0 198 1 1 VSM
225 0 1341 1 1 VSM
225 0 1381 1 1 VSM
225 0 748 1 1 VSM
