1 0 51 1 1 BM25
1 0 486 2 1 BM25
1 0 878 3 1 BM25
1 0 573 4 1 BM25
1 0 12 5 1 BM25
1 0 746 6 1 BM25
1 0 944 7 1 BM25
1 0 13 8 1 BM25
1 0 879 9 1 BM25
1 0 141 10 1 BM25
1 0 747 11 1 BM25
1 0 1361 12 1 BM25
1 0 172 13 1 BM25
1 0 359 14 1 BM25
1 0 665 15 1 BM25
1 0 663 16 1 BM25
1 0 78 17 1 BM25
1 0 1003 18 1 BM25
1 0 219 19 1 BM25
1 0 184 20 1 BM25
2 0 12 1 1 BM25
2 0 746 2 1 BM25
2 0 51 3 1 BM25
2 0 100 4 1 BM25
2 0 1089 5 1 BM25
2 0 1169 6 1 BM25
2 0 172 7 1 BM25
2 0 810 8 1 BM25
2 0 1380 9 1 BM25
2 0 14 10 1 BM25
2 0 884 11 1 BM25
2 0 747 12 1 BM25
2 0 700 13 1 BM25
2 0 1361 14 1 BM25
2 0 792 15 1 BM25
2 0 253 16 1 BM25
2 0 284 17 1 BM25
2 0 909 18 1 BM25
2 0 78 19 1 BM25
2 0 1158 20 1 BM25
3 0 485 1 1 BM25
3 0 5 2 1 BM25
3 0 144 3 1 BM25
3 0 399 4 1 BM25
3 0 90 5 1 BM25
3 0 91 6 1 BM25
3 0 181 7 1 BM25
3 0 579 8 1 BM25
3 0 6 9 1 BM25
3 0 542 10 1 BM25
3 0 582 11 1 BM25
3 0 1072 12 1 BM25
3 0 584 13 1 BM25
3 0 349 14 1 BM25
3 0 1370 15 1 BM25
3 0 785 16 1 BM25
3 0 623 17 1 BM25
3 0 395 18 1 BM25
3 0 707 19 1 BM25
3 0 344 20 1 BM25
4 0 166 1 1 BM25
4 0 488 2 1 BM25
4 0 1061 3 1 BM25
4 0 1315 4 1 BM25
4 0 1189 5 1 BM25
4 0 1374 6 1 BM25
4 0 167 7 1 BM25
4 0 259 8 1 BM25
4 0 575 9 1 BM25
4 0 185 10 1 BM25
4 0 236 11 1 BM25
4 0 410 12 1 BM25
4 0 1011 13 1 BM25
4 0 355 14 1 BM25
4 0 1275 15 1 BM25
4 0 1252 16 1 BM25
4 0 1255 17 1 BM25
4 0 24 18 1 BM25
4 0 1085 19 1 BM25
4 0 103 20 1 BM25
5 0 103 1 1 BM25
5 0 1032 2 1 BM25
5 0 401 3 1 BM25
5 0 943 4 1 BM25
5 0 1296 5 1 BM25
5 0 552 6 1 BM25
5 0 968 7 1 BM25
5 0 625 8 1 BM25
5 0 1374 9 1 BM25
5 0 488 10 1 BM25
5 0 368 11 1 BM25
5 0 746 12 1 BM25
5 0 1379 13 1 BM25
5 0 849 14 1 BM25
5 0 163 15 1 BM25
5 0 410 16 1 BM25
5 0 650 17 1 BM25
5 0 981 18 1 BM25
5 0 824 19 1 BM25
5 0 575 20 1 BM25
6 0 491 1 1 BM25
6 0 257 2 1 BM25
6 0 386 3 1 BM25
6 0 406 4 1 BM25
6 0 345 5 1 BM25
6 0 1075 6 1 BM25
6 0 1196 7 1 BM25
6 0 640 8 1 BM25
6 0 1363 9 1 BM25
6 0 798 10 1 BM25
6 0 767 11 1 BM25
6 0 883 12 1 BM25
6 0 385 13 1 BM25
6 0 142 14 1 BM25
6 0 1273 15 1 BM25
6 0 99 16 1 BM25
6 0 1282 17 1 BM25
6 0 409 18 1 BM25
6 0 1374 19 1 BM25
6 0 610 20 1 BM25
7 0 492 1 1 BM25
7 0 57 2 1 BM25
7 0 56 3 1 BM25
7 0 434 4 1 BM25
7 0 124 5 1 BM25
7 0 232 6 1 BM25
7 0 373 7 1 BM25
7 0 122 8 1 BM25
7 0 1040 9 1 BM25
7 0 1231 10 1 BM25
7 0 688 11 1 BM25
7 0 973 12 1 BM25
7 0 234 13 1 BM25
7 0 248 14 1 BM25
7 0 1347 15 1 BM25
7 0 1307 16 1 BM25
7 0 354 17 1 BM25
7 0 1350 18 1 BM25
7 0 48 19 1 BM25
7 0 233 20 1 BM25
8 0 443 1 1 BM25
8 0 122 2 1 BM25
8 0 492 3 1 BM25
8 0 569 4 1 BM25
8 0 711 5 1 BM25
8 0 69 6 1 BM25
8 0 1083 7 1 BM25
8 0 1231 8 1 BM25
8 0 248 9 1 BM25
8 0 1082 10 1 BM25
8 0 476 11 1 BM25
8 0 234 12 1 BM25
8 0 124 13 1 BM25
8 0 1193 14 1 BM25
8 0 232 15 1 BM25
8 0 1307 16 1 BM25
8 0 1218 17 1 BM25
8 0 947 18 1 BM25
8 0 292 19 1 BM25
8 0 1104 20 1 BM25
9 0 45 1 1 BM25
9 0 21 2 1 BM25
9 0 306 3 1 BM25
9 0 22 4 1 BM25
9 0 1215 5 1 BM25
9 0 102 6 1 BM25
9 0 571 7 1 BM25
9 0 549 8 1 BM25
9 0 983 9 1 BM25
9 0 270 10 1 BM25
9 0 398 11 1 BM25
9 0 326 12 1 BM25
9 0 221 13 1 BM25
9 0 123 14 1 BM25
9 0 303 15 1 BM25
9 0 528 16 1 BM25
9 0 5 17 1 BM25
9 0 144 18 1 BM25
9 0 168 19 1 BM25
9 0 347 20 1 BM25
10 0 302 1 1 BM25
10 0 493 2 1 BM25
10 0 949 3 1 BM25
10 0 524 4 1 BM25
10 0 436 5 1 BM25
10 0 405 6 1 BM25
10 0 691 7 1 BM25
10 0 1010 8 1 BM25
10 0 616 9 1 BM25
10 0 1199 10 1 BM25
10 0 1143 11 1 BM25
10 0 1009 12 1 BM25
10 0 1286 13 1 BM25
10 0 1214 14 1 BM25
10 0 1150 15 1 BM25
10 0 69 16 1 BM25
10 0 1264 17 1 BM25
10 0 1098 18 1 BM25
10 0 421 19 1 BM25
10 0 110 20 1 BM25
11 0 495 1 1 BM25
11 0 556 2 1 BM25
11 0 654 3 1 BM25
11 0 472 4 1 BM25
11 0 72 5 1 BM25
11 0 1327 6 1 BM25
11 0 1186 7 1 BM25
11 0 28 8 1 BM25
11 0 273 9 1 BM25
11 0 305 10 1 BM25
11 0 738 11 1 BM25
11 0 570 12 1 BM25
11 0 1157 13 1 BM25
11 0 1356 14 1 BM25
11 0 1280 15 1 BM25
11 0 25 16 1 BM25
11 0 1310 17 1 BM25
11 0 557 18 1 BM25
11 0 1389 19 1 BM25
11 0 540 20 1 BM25
12 0 624 1 1 BM25
12 0 650 2 1 BM25
12 0 966 3 1 BM25
12 0 1221 4 1 BM25
12 0 1232 5 1 BM25
12 0 941 6 1 BM25
12 0 1164 7 1 BM25
12 0 704 8 1 BM25
12 0 1223 9 1 BM25
12 0 1209 10 1 BM25
12 0 270 11 1 BM25
12 0 543 12 1 BM25
12 0 1094 13 1 BM25
12 0 652 14 1 BM25
12 0 506 15 1 BM25
12 0 939 16 1 BM25
12 0 245 17 1 BM25
12 0 806 18 1 BM25
12 0 325 19 1 BM25
12 0 1289 20 1 BM25
13 0 496 1 1 BM25
13 0 903 2 1 BM25
13 0 520 3 1 BM25
13 0 313 4 1 BM25
13 0 38 5 1 BM25
13 0 643 6 1 BM25
13 0 440 7 1 BM25
13 0 880 8 1 BM25
13 0 199 9 1 BM25
13 0 415 10 1 BM25
13 0 797 11 1 BM25
13 0 1268 12 1 BM25
13 0 660 13 1 BM25
13 0 468 14 1 BM25
13 0 801 15 1 BM25
13 0 1099 16 1 BM25
13 0 1242 17 1 BM25
13 0 526 18 1 BM25
13 0 879 19 1 BM25
13 0 469 20 1 BM25
14 0 170 1 1 BM25
14 0 798 2 1 BM25
14 0 439 3 1 BM25
14 0 256 4 1 BM25
14 0 1364 5 1 BM25
14 0 345 6 1 BM25
14 0 335 7 1 BM25
14 0 291 8 1 BM25
14 0 64 9 1 BM25
14 0 569 10 1 BM25
14 0 903 11 1 BM25
14 0 308 12 1 BM25
14 0 568 13 1 BM25
14 0 265 14 1 BM25
14 0 296 15 1 BM25
14 0 1321 16 1 BM25
14 0 1157 17 1 BM25
14 0 939 18 1 BM25
14 0 310 19 1 BM25
14 0 97 20 1 BM25
15 0 462 1 1 BM25
15 0 463 2 1 BM25
15 0 1025 3 1 BM25
15 0 1099 4 1 BM25
15 0 1340 5 1 BM25
15 0 1065 6 1 BM25
15 0 82 7 1 BM25
15 0 542 8 1 BM25
15 0 1043 9 1 BM25
15 0 1097 10 1 BM25
15 0 761 11 1 BM25
15 0 1096 12 1 BM25
15 0 817 13 1 BM25
15 0 866 14 1 BM25
15 0 553 15 1 BM25
15 0 1127 16 1 BM25
15 0 1024 17 1 BM25
15 0 1117 18 1 BM25
15 0 1027 19 1 BM25
15 0 1098 20 1 BM25
16 0 498 1 1 BM25
16 0 106 2 1 BM25
16 0 1255 3 1 BM25
16 0 231 4 1 BM25
16 0 1328 5 1 BM25
16 0 248 6 1 BM25
16 0 494 7 1 BM25
16 0 259 8 1 BM25
16 0 814 9 1 BM25
16 0 1112 10 1 BM25
16 0 849 11 1 BM25
16 0 279 12 1 BM25
16 0 326 13 1 BM25
16 0 93 14 1 BM25
16 0 1043 15 1 BM25
16 0 161 16 1 BM25
16 0 927 17 1 BM25
16 0 447 18 1 BM25
16 0 410 19 1 BM25
16 0 1259 20 1 BM25
17 0 1108 1 1 BM25
17 0 106 2 1 BM25
17 0 336 3 1 BM25
17 0 700 4 1 BM25
17 0 1281 5 1 BM25
17 0 1301 6 1 BM25
17 0 445 7 1 BM25
17 0 498 8 1 BM25
17 0 1206 9 1 BM25
17 0 916 10 1 BM25
17 0 1197 11 1 BM25
17 0 410 12 1 BM25
17 0 849 13 1 BM25
17 0 494 14 1 BM25
17 0 326 15 1 BM25
17 0 1036 16 1 BM25
17 0 148 17 1 BM25
17 0 284 18 1 BM25
17 0 368 19 1 BM25
17 0 1149 20 1 BM25
18 0 197 1 1 BM25
18 0 248 2 1 BM25
18 0 498 3 1 BM25
18 0 234 4 1 BM25
18 0 56 5 1 BM25
18 0 927 6 1 BM25
18 0 492 7 1 BM25
18 0 1352 8 1 BM25
18 0 1231 9 1 BM25
18 0 69 10 1 BM25
18 0 122 11 1 BM25
18 0 232 12 1 BM25
18 0 360 13 1 BM25
18 0 124 14 1 BM25
18 0 231 15 1 BM25
18 0 1114 16 1 BM25
18 0 354 17 1 BM25
18 0 1104 18 1 BM25
18 0 801 19 1 BM25
18 0 1005 20 1 BM25
19 0 706 1 1 BM25
19 0 82 2 1 BM25
19 0 1052 3 1 BM25
19 0 711 4 1 BM25
19 0 1279 5 1 BM25
19 0 713 6 1 BM25
19 0 140 7 1 BM25
19 0 353 8 1 BM25
19 0 987 9 1 BM25
19 0 824 10 1 BM25
19 0 714 11 1 BM25
19 0 446 12 1 BM25
19 0 44 13 1 BM25
19 0 237 14 1 BM25
19 0 1219 15 1 BM25
19 0 1309 16 1 BM25
19 0 1097 17 1 BM25
19 0 1009 18 1 BM25
19 0 1260 19 1 BM25
19 0 1119 20 1 BM25
20 0 500 1 1 BM25
20 0 270 2 1 BM25
20 0 450 3 1 BM25
20 0 87 4 1 BM25
20 0 267 5 1 BM25
20 0 407 6 1 BM25
20 0 584 7 1 BM25
20 0 268 8 1 BM25
20 0 408 9 1 BM25
20 0 88 10 1 BM25
20 0 625 11 1 BM25
20 0 1371 12 1 BM25
20 0 104 13 1 BM25
20 0 29 14 1 BM25
20 0 603 15 1 BM25
20 0 300 16 1 BM25
20 0 44 17 1 BM25
20 0 571 18 1 BM25
20 0 112 19 1 BM25
20 0 190 20 1 BM25
21 0 502 1 1 BM25
21 0 68 2 1 BM25
21 0 686 3 1 BM25
21 0 421 4 1 BM25
21 0 343 5 1 BM25
21 0 1007 6 1 BM25
21 0 628 7 1 BM25
21 0 17 8 1 BM25
21 0 961 9 1 BM25
21 0 1237 10 1 BM25
21 0 302 11 1 BM25
21 0 413 12 1 BM25
21 0 460 13 1 BM25
21 0 1051 14 1 BM25
21 0 1156 15 1 BM25
21 0 932 16 1 BM25
21 0 947 17 1 BM25
21 0 1385 18 1 BM25
21 0 342 19 1 BM25
21 0 1121 20 1 BM25
22 0 125 1 1 BM25
22 0 560 2 1 BM25
22 0 413 3 1 BM25
22 0 254 4 1 BM25
22 0 307 5 1 BM25
22 0 207 6 1 BM25
22 0 120 7 1 BM25
22 0 140 8 1 BM25
22 0 346 9 1 BM25
22 0 348 10 1 BM25
22 0 406 11 1 BM25
22 0 16 12 1 BM25
22 0 153 13 1 BM25
22 0 962 14 1 BM25
22 0 260 15 1 BM25
22 0 1147 16 1 BM25
22 0 61 17 1 BM25
22 0 547 18 1 BM25
22 0 66 19 1 BM25
22 0 562 20 1 BM25
23 0 892 1 1 BM25
23 0 899 2 1 BM25
23 0 902 3 1 BM25
23 0 14 4 1 BM25
23 0 718 5 1 BM25
23 0 1259 6 1 BM25
23 0 1109 7 1 BM25
23 0 185 8 1 BM25
23 0 1092 9 1 BM25
23 0 530 10 1 BM25
23 0 753 11 1 BM25
23 0 1272 12 1 BM25
23 0 130 13 1 BM25
23 0 708 14 1 BM25
23 0 903 15 1 BM25
23 0 1197 16 1 BM25
23 0 237 17 1 BM25
23 0 1112 18 1 BM25
23 0 202 19 1 BM25
23 0 777 20 1 BM25
24 0 756 1 1 BM25
24 0 1361 2 1 BM25
24 0 47 3 1 BM25
24 0 46 4 1 BM25
24 0 1362 5 1 BM25
24 0 12 6 1 BM25
24 0 1034 7 1 BM25
24 0 883 8 1 BM25
24 0 724 9 1 BM25
24 0 51 10 1 BM25
24 0 92 11 1 BM25
24 0 650 12 1 BM25
24 0 1294 13 1 BM25
24 0 612 14 1 BM25
24 0 834 15 1 BM25
24 0 1024 16 1 BM25
24 0 993 17 1 BM25
24 0 374 18 1 BM25
24 0 334 19 1 BM25
24 0 1012 20 1 BM25
25 0 277 1 1 BM25
25 0 215 2 1 BM25
25 0 214 3 1 BM25
25 0 213 4 1 BM25
25 0 216 5 1 BM25
25 0 121 6 1 BM25
25 0 212 7 1 BM25
25 0 987 8 1 BM25
25 0 772 9 1 BM25
25 0 511 10 1 BM25
25 0 578 11 1 BM25
25 0 1288 12 1 BM25
25 0 134 13 1 BM25
25 0 588 14 1 BM25
25 0 1202 15 1 BM25
25 0 426 16 1 BM25
25 0 97 17 1 BM25
25 0 11 18 1 BM25
25 0 37 19 1 BM25
25 0 409 20 1 BM25
26 0 307 1 1 BM25
26 0 611 2 1 BM25
26 0 145 3 1 BM25
26 0 382 4 1 BM25
26 0 568 5 1 BM25
26 0 96 6 1 BM25
26 0 305 7 1 BM25
26 0 1355 8 1 BM25
26 0 1278 9 1 BM25
26 0 547 10 1 BM25
26 0 629 11 1 BM25
26 0 348 12 1 BM25
26 0 4 13 1 BM25
26 0 346 14 1 BM25
26 0 306 15 1 BM25
26 0 1200 16 1 BM25
26 0 732 17 1 BM25
26 0 525 18 1 BM25
26 0 135 19 1 BM25
26 0 562 20 1 BM25
27 0 1031 1 1 BM25
27 0 1035 2 1 BM25
27 0 512 3 1 BM25
27 0 1293 4 1 BM25
27 0 1176 5 1 BM25
27 0 224 6 1 BM25
27 0 680 7 1 BM25
27 0 279 8 1 BM25
27 0 886 9 1 BM25
27 0 1132 10 1 BM25
27 0 888 11 1 BM25
27 0 42 12 1 BM25
27 0 679 13 1 BM25
27 0 752 14 1 BM25
27 0 733 15 1 BM25
27 0 189 16 1 BM25
27 0 952 17 1 BM25
27 0 674 18 1 BM25
27 0 1129 19 1 BM25
27 0 1320 20 1 BM25
28 0 762 1 1 BM25
28 0 674 2 1 BM25
28 0 1051 3 1 BM25
28 0 1176 4 1 BM25
28 0 367 5 1 BM25
28 0 683 6 1 BM25
28 0 921 7 1 BM25
28 0 680 8 1 BM25
28 0 246 9 1 BM25
28 0 839 10 1 BM25
28 0 1131 11 1 BM25
28 0 1027 12 1 BM25
28 0 227 13 1 BM25
28 0 698 14 1 BM25
28 0 1012 15 1 BM25
28 0 964 16 1 BM25
28 0 700 17 1 BM25
28 0 677 18 1 BM25
28 0 384 19 1 BM25
28 0 920 20 1 BM25
29 0 465 1 1 BM25
29 0 420 2 1 BM25
29 0 612 3 1 BM25
29 0 513 4 1 BM25
29 0 900 5 1 BM25
29 0 250 6 1 BM25
29 0 601 7 1 BM25
29 0 464 8 1 BM25
29 0 683 9 1 BM25
29 0 222 10 1 BM25
29 0 147 11 1 BM25
29 0 200 12 1 BM25
29 0 901 13 1 BM25
29 0 902 14 1 BM25
29 0 514 15 1 BM25
29 0 211 16 1 BM25
29 0 796 17 1 BM25
29 0 334 18 1 BM25
29 0 146 19 1 BM25
29 0 852 20 1 BM25
30 0 683 1 1 BM25
30 0 513 2 1 BM25
30 0 601 3 1 BM25
30 0 902 4 1 BM25
30 0 1197 5 1 BM25
30 0 633 6 1 BM25
30 0 602 7 1 BM25
30 0 1058 8 1 BM25
30 0 752 9 1 BM25
30 0 222 10 1 BM25
30 0 420 11 1 BM25
30 0 791 12 1 BM25
30 0 935 13 1 BM25
30 0 688 14 1 BM25
30 0 229 15 1 BM25
30 0 230 16 1 BM25
30 0 250 17 1 BM25
30 0 465 18 1 BM25
30 0 289 19 1 BM25
30 0 464 20 1 BM25
31 0 751 1 1 BM25
31 0 1209 2 1 BM25
31 0 1153 3 1 BM25
31 0 228 4 1 BM25
31 0 1082 5 1 BM25
31 0 1245 6 1 BM25
31 0 918 7 1 BM25
31 0 698 8 1 BM25
31 0 68 9 1 BM25
31 0 895 10 1 BM25
31 0 1040 11 1 BM25
31 0 749 12 1 BM25
31 0 247 13 1 BM25
31 0 283 14 1 BM25
31 0 1320 15 1 BM25
31 0 704 16 1 BM25
31 0 743 17 1 BM25
31 0 15 18 1 BM25
31 0 699 19 1 BM25
31 0 551 20 1 BM25
32 0 752 1 1 BM25
32 0 1259 2 1 BM25
32 0 802 3 1 BM25
32 0 1186 4 1 BM25
32 0 1112 5 1 BM25
32 0 1394 6 1 BM25
32 0 556 7 1 BM25
32 0 922 8 1 BM25
32 0 469 9 1 BM25
32 0 382 10 1 BM25
32 0 242 11 1 BM25
32 0 147 12 1 BM25
32 0 192 13 1 BM25
32 0 25 14 1 BM25
32 0 738 15 1 BM25
32 0 468 16 1 BM25
32 0 259 17 1 BM25
32 0 273 18 1 BM25
32 0 248 19 1 BM25
32 0 1248 20 1 BM25
33 0 516 1 1 BM25
33 0 141 2 1 BM25
33 0 431 3 1 BM25
33 0 808 4 1 BM25
33 0 598 5 1 BM25
33 0 904 6 1 BM25
33 0 755 7 1 BM25
33 0 594 8 1 BM25
33 0 1162 9 1 BM25
33 0 546 10 1 BM25
33 0 1155 11 1 BM25
33 0 252 12 1 BM25
33 0 1163 13 1 BM25
33 0 713 14 1 BM25
33 0 184 15 1 BM25
33 0 280 16 1 BM25
33 0 1004 17 1 BM25
33 0 1000 18 1 BM25
33 0 1336 19 1 BM25
33 0 800 20 1 BM25
34 0 1153 1 1 BM25
34 0 516 2 1 BM25
34 0 431 3 1 BM25
34 0 280 4 1 BM25
34 0 795 5 1 BM25
34 0 1243 6 1 BM25
34 0 1341 7 1 BM25
34 0 1350 8 1 BM25
34 0 904 9 1 BM25
34 0 252 10 1 BM25
34 0 141 11 1 BM25
34 0 799 12 1 BM25
34 0 188 13 1 BM25
34 0 672 14 1 BM25
34 0 1155 15 1 BM25
34 0 594 16 1 BM25
34 0 907 17 1 BM25
34 0 800 18 1 BM25
34 0 179 19 1 BM25
34 0 372 20 1 BM25
35 0 1203 1 1 BM25
35 0 488 2 1 BM25
35 0 1244 3 1 BM25
35 0 319 4 1 BM25
35 0 169 5 1 BM25
35 0 1208 6 1 BM25
35 0 1327 7 1 BM25
35 0 1160 8 1 BM25
35 0 1189 9 1 BM25
35 0 1389 10 1 BM25
35 0 654 11 1 BM25
35 0 65 12 1 BM25
35 0 724 13 1 BM25
35 0 1276 14 1 BM25
35 0 166 15 1 BM25
35 0 1314 16 1 BM25
35 0 296 17 1 BM25
35 0 720 18 1 BM25
35 0 875 19 1 BM25
35 0 190 20 1 BM25
36 0 168 1 1 BM25
36 0 123 2 1 BM25
36 0 623 3 1 BM25
36 0 518 4 1 BM25
36 0 144 5 1 BM25
36 0 353 6 1 BM25
36 0 398 7 1 BM25
36 0 546 8 1 BM25
36 0 269 9 1 BM25
36 0 74 10 1 BM25
36 0 666 11 1 BM25
36 0 661 12 1 BM25
36 0 959 13 1 BM25
36 0 45 14 1 BM25
36 0 962 15 1 BM25
36 0 550 16 1 BM25
36 0 347 17 1 BM25
36 0 120 18 1 BM25
36 0 1222 19 1 BM25
36 0 554 20 1 BM25
37 0 186 1 1 BM25
37 0 1311 2 1 BM25
37 0 126 3 1 BM25
37 0 283 4 1 BM25
37 0 1229 5 1 BM25
37 0 1352 6 1 BM25
37 0 234 7 1 BM25
37 0 1199 8 1 BM25
37 0 522 9 1 BM25
37 0 952 10 1 BM25
37 0 409 11 1 BM25
37 0 1307 12 1 BM25
37 0 950 13 1 BM25
37 0 242 14 1 BM25
37 0 294 15 1 BM25
37 0 497 16 1 BM25
37 0 38 17 1 BM25
37 0 295 18 1 BM25
37 0 606 19 1 BM25
37 0 979 20 1 BM25
38 0 536 1 1 BM25
38 0 976 2 1 BM25
38 0 1391 3 1 BM25
38 0 294 4 1 BM25
38 0 1211 5 1 BM25
38 0 295 6 1 BM25
38 0 796 7 1 BM25
38 0 979 8 1 BM25
38 0 1279 9 1 BM25
38 0 433 10 1 BM25
38 0 272 11 1 BM25
38 0 182 12 1 BM25
38 0 154 13 1 BM25
38 0 17 14 1 BM25
38 0 25 15 1 BM25
38 0 1201 16 1 BM25
38 0 710 17 1 BM25
38 0 1264 18 1 BM25
38 0 927 19 1 BM25
38 0 446 20 1 BM25
39 0 43 1 1 BM25
39 0 1205 2 1 BM25
39 0 536 3 1 BM25
39 0 272 4 1 BM25
39 0 9 5 1 BM25
39 0 346 6 1 BM25
39 0 1264 7 1 BM25
39 0 293 8 1 BM25
39 0 1257 9 1 BM25
39 0 1278 10 1 BM25
39 0 992 11 1 BM25
39 0 1220 12 1 BM25
39 0 330 13 1 BM25
39 0 337 14 1 BM25
39 0 113 15 1 BM25
39 0 1383 16 1 BM25
39 0 315 17 1 BM25
39 0 207 18 1 BM25
39 0 53 19 1 BM25
39 0 96 20 1 BM25
40 0 536 1 1 BM25
40 0 1205 2 1 BM25
40 0 976 3 1 BM25
40 0 272 4 1 BM25
40 0 9 5 1 BM25
40 0 43 6 1 BM25
40 0 186 7 1 BM25
40 0 37 8 1 BM25
40 0 1080 9 1 BM25
40 0 293 10 1 BM25
40 0 346 11 1 BM25
40 0 1257 12 1 BM25
40 0 126 13 1 BM25
40 0 330 14 1 BM25
40 0 113 15 1 BM25
40 0 295 16 1 BM25
40 0 1264 17 1 BM25
40 0 558 18 1 BM25
40 0 1158 19 1 BM25
40 0 294 20 1 BM25
41 0 289 1 1 BM25
41 0 433 2 1 BM25
41 0 229 3 1 BM25
41 0 1152 4 1 BM25
41 0 288 5 1 BM25
41 0 927 6 1 BM25
41 0 520 7 1 BM25
41 0 126 8 1 BM25
41 0 432 9 1 BM25
41 0 1277 10 1 BM25
41 0 1141 11 1 BM25
41 0 222 12 1 BM25
41 0 464 13 1 BM25
41 0 1342 14 1 BM25
41 0 1196 15 1 BM25
41 0 225 16 1 BM25
41 0 1091 17 1 BM25
41 0 154 18 1 BM25
41 0 901 19 1 BM25
41 0 278 20 1 BM25
42 0 521 1 1 BM25
42 0 526 2 1 BM25
42 0 440 3 1 BM25
42 0 496 4 1 BM25
42 0 503 5 1 BM25
42 0 468 6 1 BM25
42 0 469 7 1 BM25
42 0 467 8 1 BM25
42 0 1320 9 1 BM25
42 0 903 10 1 BM25
42 0 312 11 1 BM25
42 0 439 12 1 BM25
42 0 404 13 1 BM25
42 0 924 14 1 BM25
42 0 38 15 1 BM25
42 0 121 16 1 BM25
42 0 1154 17 1 BM25
42 0 880 18 1 BM25
42 0 801 19 1 BM25
42 0 1338 20 1 BM25
43 0 467 1 1 BM25
43 0 469 2 1 BM25
43 0 496 3 1 BM25
43 0 503 4 1 BM25
43 0 404 5 1 BM25
43 0 194 6 1 BM25
43 0 903 7 1 BM25
43 0 468 8 1 BM25
43 0 1070 9 1 BM25
43 0 312 10 1 BM25
43 0 440 11 1 BM25
43 0 201 12 1 BM25
43 0 526 13 1 BM25
43 0 1194 14 1 BM25
43 0 1320 15 1 BM25
43 0 936 16 1 BM25
43 0 521 17 1 BM25
43 0 685 18 1 BM25
43 0 1248 19 1 BM25
43 0 121 20 1 BM25
44 0 1190 1 1 BM25
44 0 103 2 1 BM25
44 0 108 3 1 BM25
44 0 183 4 1 BM25
44 0 1199 5 1 BM25
44 0 1148 6 1 BM25
44 0 1031 7 1 BM25
44 0 319 8 1 BM25
44 0 367 9 1 BM25
44 0 541 10 1 BM25
44 0 760 11 1 BM25
44 0 317 12 1 BM25
44 0 357 13 1 BM25
44 0 385 14 1 BM25
44 0 1312 15 1 BM25
44 0 1226 16 1 BM25
44 0 862 17 1 BM25
44 0 849 18 1 BM25
44 0 169 19 1 BM25
44 0 967 20 1 BM25
45 0 305 1 1 BM25
45 0 540 2 1 BM25
45 0 525 3 1 BM25
45 0 625 4 1 BM25
45 0 84 5 1 BM25
45 0 1200 6 1 BM25
45 0 310 7 1 BM25
45 0 37 8 1 BM25
45 0 573 9 1 BM25
45 0 123 10 1 BM25
45 0 1253 11 1 BM25
45 0 1185 12 1 BM25
45 0 353 13 1 BM25
45 0 274 14 1 BM25
45 0 570 15 1 BM25
45 0 569 16 1 BM25
45 0 1159 17 1 BM25
45 0 655 18 1 BM25
45 0 1299 19 1 BM25
45 0 329 20 1 BM25
46 0 525 1 1 BM25
46 0 123 2 1 BM25
46 0 353 3 1 BM25
46 0 1185 4 1 BM25
46 0 84 5 1 BM25
46 0 305 6 1 BM25
46 0 274 7 1 BM25
46 0 623 8 1 BM25
46 0 481 9 1 BM25
46 0 1159 10 1 BM25
46 0 655 11 1 BM25
46 0 37 12 1 BM25
46 0 1241 13 1 BM25
46 0 983 14 1 BM25
46 0 540 15 1 BM25
46 0 553 16 1 BM25
46 0 260 17 1 BM25
46 0 344 18 1 BM25
46 0 645 19 1 BM25
46 0 333 20 1 BM25
47 0 568 1 1 BM25
47 0 525 2 1 BM25
47 0 1200 3 1 BM25
47 0 305 4 1 BM25
47 0 570 5 1 BM25
47 0 304 6 1 BM25
47 0 310 7 1 BM25
47 0 327 8 1 BM25
47 0 308 9 1 BM25
47 0 25 10 1 BM25
47 0 309 11 1 BM25
47 0 2 12 1 BM25
47 0 573 13 1 BM25
47 0 540 14 1 BM25
47 0 334 15 1 BM25
47 0 663 16 1 BM25
47 0 9 17 1 BM25
47 0 1253 18 1 BM25
47 0 180 19 1 BM25
47 0 306 20 1 BM25
48 0 526 1 1 BM25
48 0 797 2 1 BM25
48 0 440 3 1 BM25
48 0 1228 4 1 BM25
48 0 638 5 1 BM25
48 0 876 6 1 BM25
48 0 793 7 1 BM25
48 0 902 8 1 BM25
48 0 334 9 1 BM25
48 0 712 10 1 BM25
48 0 683 11 1 BM25
48 0 879 12 1 BM25
48 0 801 13 1 BM25
48 0 468 14 1 BM25
48 0 707 15 1 BM25
48 0 1169 16 1 BM25
48 0 1338 17 1 BM25
48 0 222 18 1 BM25
48 0 197 19 1 BM25
48 0 1341 20 1 BM25
49 0 527 1 1 BM25
49 0 321 2 1 BM25
49 0 349 3 1 BM25
49 0 322 4 1 BM25
49 0 320 5 1 BM25
49 0 476 6 1 BM25
49 0 1370 7 1 BM25
49 0 377 8 1 BM25
49 0 585 9 1 BM25
49 0 1235 10 1 BM25
49 0 537 11 1 BM25
49 0 1054 12 1 BM25
49 0 1108 13 1 BM25
49 0 366 14 1 BM25
49 0 1055 15 1 BM25
49 0 648 16 1 BM25
49 0 854 17 1 BM25
49 0 72 18 1 BM25
49 0 1087 19 1 BM25
49 0 538 20 1 BM25
50 0 192 1 1 BM25
50 0 326 2 1 BM25
50 0 1259 3 1 BM25
50 0 273 4 1 BM25
50 0 801 5 1 BM25
50 0 410 6 1 BM25
50 0 494 7 1 BM25
50 0 541 8 1 BM25
50 0 802 9 1 BM25
50 0 992 10 1 BM25
50 0 337 11 1 BM25
50 0 124 12 1 BM25
50 0 528 13 1 BM25
50 0 25 14 1 BM25
50 0 353 15 1 BM25
50 0 1301 16 1 BM25
50 0 27 17 1 BM25
50 0 435 18 1 BM25
50 0 414 19 1 BM25
50 0 1112 20 1 BM25
51 0 326 1 1 BM25
51 0 494 2 1 BM25
51 0 528 3 1 BM25
51 0 261 4 1 BM25
51 0 192 5 1 BM25
51 0 23 6 1 BM25
51 0 94 7 1 BM25
51 0 1214 8 1 BM25
51 0 1259 9 1 BM25
51 0 1310 10 1 BM25
51 0 1281 11 1 BM25
51 0 106 12 1 BM25
51 0 273 13 1 BM25
51 0 1301 14 1 BM25
51 0 1213 15 1 BM25
51 0 142 16 1 BM25
51 0 25 17 1 BM25
51 0 1112 18 1 BM25
51 0 105 19 1 BM25
51 0 922 20 1 BM25
52 0 326 1 1 BM25
52 0 1215 2 1 BM25
52 0 21 3 1 BM25
52 0 528 4 1 BM25
52 0 306 5 1 BM25
52 0 22 6 1 BM25
52 0 1214 7 1 BM25
52 0 629 8 1 BM25
52 0 265 9 1 BM25
52 0 96 10 1 BM25
52 0 1334 11 1 BM25
52 0 260 12 1 BM25
52 0 251 13 1 BM25
52 0 798 14 1 BM25
52 0 1191 15 1 BM25
52 0 645 16 1 BM25
52 0 1332 17 1 BM25
52 0 906 18 1 BM25
52 0 254 19 1 BM25
52 0 1281 20 1 BM25
53 0 208 1 1 BM25
53 0 437 2 1 BM25
53 0 1221 3 1 BM25
53 0 269 4 1 BM25
53 0 1253 5 1 BM25
53 0 407 6 1 BM25
53 0 531 7 1 BM25
53 0 298 8 1 BM25
53 0 1236 9 1 BM25
53 0 267 10 1 BM25
53 0 61 11 1 BM25
53 0 1282 12 1 BM25
53 0 33 13 1 BM25
53 0 1273 14 1 BM25
53 0 447 15 1 BM25
53 0 297 16 1 BM25
53 0 112 17 1 BM25
53 0 653 18 1 BM25
53 0 268 19 1 BM25
53 0 1222 20 1 BM25
54 0 123 1 1 BM25
54 0 84 2 1 BM25
54 0 525 3 1 BM25
54 0 274 4 1 BM25
54 0 1185 5 1 BM25
54 0 1307 6 1 BM25
54 0 623 7 1 BM25
54 0 1213 8 1 BM25
54 0 666 9 1 BM25
54 0 44 10 1 BM25
54 0 365 11 1 BM25
54 0 553 12 1 BM25
54 0 979 13 1 BM25
54 0 303 14 1 BM25
54 0 784 15 1 BM25
54 0 1241 16 1 BM25
54 0 366 17 1 BM25
54 0 554 18 1 BM25
54 0 645 19 1 BM25
54 0 305 20 1 BM25
55 0 376 1 1 BM25
55 0 17 2 1 BM25
55 0 460 3 1 BM25
55 0 798 4 1 BM25
55 0 1301 5 1 BM25
55 0 1185 6 1 BM25
55 0 251 7 1 BM25
55 0 1302 8 1 BM25
55 0 1241 9 1 BM25
55 0 73 10 1 BM25
55 0 4 11 1 BM25
55 0 16 12 1 BM25
55 0 241 13 1 BM25
55 0 265 14 1 BM25
55 0 377 15 1 BM25
55 0 1214 16 1 BM25
55 0 562 17 1 BM25
55 0 754 18 1 BM25
55 0 135 19 1 BM25
55 0 538 20 1 BM25
56 0 753 1 1 BM25
56 0 14 2 1 BM25
56 0 1331 3 1 BM25
56 0 441 4 1 BM25
56 0 783 5 1 BM25
56 0 634 6 1 BM25
56 0 1105 7 1 BM25
56 0 781 8 1 BM25
56 0 1057 9 1 BM25
56 0 1339 10 1 BM25
56 0 1290 11 1 BM25
56 0 1336 12 1 BM25
56 0 202 13 1 BM25
56 0 638 14 1 BM25
56 0 685 15 1 BM25
56 0 1209 16 1 BM25
56 0 251 17 1 BM25
56 0 899 18 1 BM25
56 0 878 19 1 BM25
56 0 1338 20 1 BM25
57 0 1338 1 1 BM25
57 0 380 2 1 BM25
57 0 753 3 1 BM25
57 0 1099 4 1 BM25
57 0 856 5 1 BM25
57 0 916 6 1 BM25
57 0 810 7 1 BM25
57 0 747 8 1 BM25
57 0 496 9 1 BM25
57 0 444 10 1 BM25
57 0 1290 11 1 BM25
57 0 634 12 1 BM25
57 0 1339 13 1 BM25
57 0 857 14 1 BM25
57 0 999 15 1 BM25
57 0 1268 16 1 BM25
57 0 1149 17 1 BM25
57 0 38 18 1 BM25
57 0 766 19 1 BM25
57 0 52 20 1 BM25
58 0 873 1 1 BM25
58 0 270 2 1 BM25
58 0 963 3 1 BM25
58 0 788 4 1 BM25
58 0 754 5 1 BM25
58 0 120 6 1 BM25
58 0 1159 7 1 BM25
58 0 661 8 1 BM25
58 0 267 9 1 BM25
58 0 1104 10 1 BM25
58 0 1348 11 1 BM25
58 0 974 12 1 BM25
58 0 269 13 1 BM25
58 0 398 14 1 BM25
58 0 872 15 1 BM25
58 0 789 16 1 BM25
58 0 962 17 1 BM25
58 0 104 18 1 BM25
58 0 784 19 1 BM25
58 0 387 20 1 BM25
59 0 381 1 1 BM25
59 0 912 2 1 BM25
59 0 786 3 1 BM25
59 0 292 4 1 BM25
59 0 661 5 1 BM25
59 0 23 6 1 BM25
59 0 261 7 1 BM25
59 0 852 8 1 BM25
59 0 785 9 1 BM25
59 0 788 10 1 BM25
59 0 1385 11 1 BM25
59 0 646 12 1 BM25
59 0 104 13 1 BM25
59 0 458 14 1 BM25
59 0 671 15 1 BM25
59 0 1382 16 1 BM25
59 0 393 17 1 BM25
59 0 1268 18 1 BM25
59 0 375 19 1 BM25
59 0 1022 20 1 BM25
60 0 527 1 1 BM25
60 0 321 2 1 BM25
60 0 322 3 1 BM25
60 0 320 4 1 BM25
60 0 476 5 1 BM25
60 0 107 6 1 BM25
60 0 585 7 1 BM25
60 0 730 8 1 BM25
60 0 1235 9 1 BM25
60 0 72 10 1 BM25
60 0 365 11 1 BM25
60 0 11 12 1 BM25
60 0 1240 13 1 BM25
60 0 366 14 1 BM25
60 0 1185 15 1 BM25
60 0 961 16 1 BM25
60 0 1372 17 1 BM25
60 0 34 18 1 BM25
60 0 350 19 1 BM25
60 0 1377 20 1 BM25
61 0 564 1 1 BM25
61 0 566 2 1 BM25
61 0 539 3 1 BM25
61 0 1213 4 1 BM25
61 0 333 5 1 BM25
61 0 435 6 1 BM25
61 0 1258 7 1 BM25
61 0 1159 8 1 BM25
61 0 565 9 1 BM25
61 0 789 10 1 BM25
61 0 1104 11 1 BM25
61 0 754 12 1 BM25
61 0 1307 13 1 BM25
61 0 784 14 1 BM25
61 0 553 15 1 BM25
61 0 1081 16 1 BM25
61 0 352 17 1 BM25
61 0 922 18 1 BM25
61 0 1178 19 1 BM25
61 0 944 20 1 BM25
62 0 483 1 1 BM25
62 0 381 2 1 BM25
62 0 452 3 1 BM25
62 0 788 4 1 BM25
62 0 533 5 1 BM25
62 0 785 6 1 BM25
62 0 1258 7 1 BM25
62 0 105 8 1 BM25
62 0 459 9 1 BM25
62 0 1383 10 1 BM25
62 0 787 11 1 BM25
62 0 553 12 1 BM25
62 0 1081 13 1 BM25
62 0 116 14 1 BM25
62 0 1268 15 1 BM25
62 0 789 16 1 BM25
62 0 1178 17 1 BM25
62 0 1384 18 1 BM25
62 0 659 19 1 BM25
62 0 1112 20 1 BM25
63 0 843 1 1 BM25
63 0 1135 2 1 BM25
63 0 629 3 1 BM25
63 0 204 4 1 BM25
63 0 889 5 1 BM25
63 0 287 6 1 BM25
63 0 839 7 1 BM25
63 0 158 8 1 BM25
63 0 891 9 1 BM25
63 0 1051 10 1 BM25
63 0 738 11 1 BM25
63 0 420 12 1 BM25
63 0 1045 13 1 BM25
63 0 491 14 1 BM25
63 0 1118 15 1 BM25
63 0 1336 16 1 BM25
63 0 1192 17 1 BM25
63 0 678 18 1 BM25
63 0 812 19 1 BM25
63 0 1121 20 1 BM25
64 0 390 1 1 BM25
64 0 52 2 1 BM25
64 0 719 3 1 BM25
64 0 441 4 1 BM25
64 0 1107 5 1 BM25
64 0 914 6 1 BM25
64 0 627 7 1 BM25
64 0 894 8 1 BM25
64 0 947 9 1 BM25
64 0 410 10 1 BM25
64 0 1053 11 1 BM25
64 0 928 12 1 BM25
64 0 428 13 1 BM25
64 0 482 14 1 BM25
64 0 764 15 1 BM25
64 0 1204 16 1 BM25
64 0 239 17 1 BM25
64 0 425 18 1 BM25
64 0 1000 19 1 BM25
64 0 391 20 1 BM25
65 0 388 1 1 BM25
65 0 3 2 1 BM25
65 0 569 3 1 BM25
65 0 393 4 1 BM25
65 0 664 5 1 BM25
65 0 1355 6 1 BM25
65 0 180 7 1 BM25
65 0 1106 8 1 BM25
65 0 4 9 1 BM25
65 0 1237 10 1 BM25
65 0 1200 11 1 BM25
65 0 525 12 1 BM25
65 0 305 13 1 BM25
65 0 310 14 1 BM25
65 0 145 15 1 BM25
65 0 2 16 1 BM25
65 0 22 17 1 BM25
65 0 1370 18 1 BM25
65 0 1107 19 1 BM25
65 0 636 20 1 BM25
66 0 128 1 1 BM25
66 0 1206 2 1 BM25
66 0 1251 3 1 BM25
66 0 191 4 1 BM25
66 0 629 5 1 BM25
66 0 305 6 1 BM25
66 0 664 7 1 BM25
66 0 366 8 1 BM25
66 0 329 9 1 BM25
66 0 1182 10 1 BM25
66 0 1370 11 1 BM25
66 0 458 12 1 BM25
66 0 2 13 1 BM25
66 0 73 14 1 BM25
66 0 310 15 1 BM25
66 0 375 16 1 BM25
66 0 306 17 1 BM25
66 0 1039 18 1 BM25
66 0 97 19 1 BM25
66 0 116 20 1 BM25
67 0 393 1 1 BM25
67 0 180 2 1 BM25
67 0 664 3 1 BM25
67 0 4 4 1 BM25
67 0 3 5 1 BM25
67 0 388 6 1 BM25
67 0 412 7 1 BM25
67 0 9 8 1 BM25
67 0 155 9 1 BM25
67 0 306 10 1 BM25
67 0 784 11 1 BM25
67 0 1107 12 1 BM25
67 0 72 13 1 BM25
67 0 2 14 1 BM25
67 0 629 15 1 BM25
67 0 611 16 1 BM25
67 0 1106 17 1 BM25
67 0 1397 18 1 BM25
67 0 116 19 1 BM25
67 0 389 20 1 BM25
68 0 628 1 1 BM25
68 0 344 2 1 BM25
68 0 662 3 1 BM25
68 0 773 4 1 BM25
68 0 364 5 1 BM25
68 0 338 6 1 BM25
68 0 343 7 1 BM25
68 0 1100 8 1 BM25
68 0 1205 9 1 BM25
68 0 480 10 1 BM25
68 0 560 11 1 BM25
68 0 535 12 1 BM25
68 0 339 13 1 BM25
68 0 1180 14 1 BM25
68 0 337 15 1 BM25
68 0 254 16 1 BM25
68 0 365 17 1 BM25
68 0 481 18 1 BM25
68 0 1104 19 1 BM25
68 0 661 20 1 BM25
69 0 128 1 1 BM25
69 0 306 2 1 BM25
69 0 540 3 1 BM25
69 0 292 4 1 BM25
69 0 264 5 1 BM25
69 0 111 6 1 BM25
69 0 1383 7 1 BM25
69 0 381 8 1 BM25
69 0 458 9 1 BM25
69 0 664 10 1 BM25
69 0 105 11 1 BM25
69 0 393 12 1 BM25
69 0 365 13 1 BM25
69 0 310 14 1 BM25
69 0 131 15 1 BM25
69 0 559 16 1 BM25
69 0 1200 17 1 BM25
69 0 1375 18 1 BM25
69 0 648 19 1 BM25
69 0 366 20 1 BM25
70 0 540 1 1 BM25
70 0 180 2 1 BM25
70 0 1149 3 1 BM25
70 0 300 4 1 BM25
70 0 62 5 1 BM25
70 0 104 6 1 BM25
70 0 349 7 1 BM25
70 0 327 8 1 BM25
70 0 365 9 1 BM25
70 0 320 10 1 BM25
70 0 305 11 1 BM25
70 0 192 12 1 BM25
70 0 292 13 1 BM25
70 0 435 14 1 BM25
70 0 1200 15 1 BM25
70 0 1236 16 1 BM25
70 0 562 17 1 BM25
70 0 629 18 1 BM25
70 0 937 19 1 BM25
70 0 1235 20 1 BM25
71 0 540 1 1 BM25
71 0 573 2 1 BM25
71 0 305 3 1 BM25
71 0 570 4 1 BM25
71 0 1299 5 1 BM25
71 0 1253 6 1 BM25
71 0 310 7 1 BM25
71 0 1200 8 1 BM25
71 0 323 9 1 BM25
71 0 308 10 1 BM25
71 0 63 11 1 BM25
71 0 625 12 1 BM25
71 0 329 13 1 BM25
71 0 192 14 1 BM25
71 0 25 15 1 BM25
71 0 494 16 1 BM25
71 0 26 17 1 BM25
71 0 537 18 1 BM25
71 0 572 19 1 BM25
71 0 663 20 1 BM25
72 0 630 1 1 BM25
72 0 315 2 1 BM25
72 0 573 3 1 BM25
72 0 1313 4 1 BM25
72 0 139 5 1 BM25
72 0 63 6 1 BM25
72 0 663 7 1 BM25
72 0 540 8 1 BM25
72 0 1229 9 1 BM25
72 0 666 10 1 BM25
72 0 187 11 1 BM25
72 0 1082 12 1 BM25
72 0 570 13 1 BM25
72 0 537 14 1 BM25
72 0 309 15 1 BM25
72 0 511 16 1 BM25
72 0 244 17 1 BM25
72 0 1195 18 1 BM25
72 0 1157 19 1 BM25
72 0 1188 20 1 BM25
73 0 332 1 1 BM25
73 0 541 2 1 BM25
73 0 573 3 1 BM25
73 0 401 4 1 BM25
73 0 1296 5 1 BM25
73 0 625 6 1 BM25
73 0 577 7 1 BM25
73 0 359 8 1 BM25
73 0 552 9 1 BM25
73 0 574 10 1 BM25
73 0 1010 11 1 BM25
73 0 572 12 1 BM25
73 0 166 13 1 BM25
73 0 860 14 1 BM25
73 0 488 15 1 BM25
73 0 1061 16 1 BM25
73 0 486 17 1 BM25
73 0 410 18 1 BM25
73 0 1247 19 1 BM25
73 0 1305 20 1 BM25
74 0 625 1 1 BM25
74 0 1153 2 1 BM25
74 0 1295 3 1 BM25
74 0 876 4 1 BM25
74 0 68 5 1 BM25
74 0 576 6 1 BM25
74 0 185 7 1 BM25
74 0 656 8 1 BM25
74 0 26 9 1 BM25
74 0 1161 10 1 BM25
74 0 516 11 1 BM25
74 0 1155 12 1 BM25
74 0 167 13 1 BM25
74 0 1204 14 1 BM25
74 0 535 15 1 BM25
74 0 571 16 1 BM25
74 0 431 17 1 BM25
74 0 1142 18 1 BM25
74 0 280 19 1 BM25
74 0 608 20 1 BM25
75 0 306 1 1 BM25
75 0 1099 2 1 BM25
75 0 565 3 1 BM25
75 0 951 4 1 BM25
75 0 396 5 1 BM25
75 0 584 6 1 BM25
75 0 630 7 1 BM25
75 0 50 8 1 BM25
75 0 959 9 1 BM25
75 0 1097 10 1 BM25
75 0 902 11 1 BM25
75 0 645 12 1 BM25
75 0 366 13 1 BM25
75 0 968 14 1 BM25
75 0 1146 15 1 BM25
75 0 818 16 1 BM25
75 0 329 17 1 BM25
75 0 339 18 1 BM25
75 0 585 19 1 BM25
75 0 623 20 1 BM25
76 0 630 1 1 BM25
76 0 666 2 1 BM25
76 0 667 3 1 BM25
76 0 565 4 1 BM25
76 0 1394 5 1 BM25
76 0 1198 6 1 BM25
76 0 537 7 1 BM25
76 0 1076 8 1 BM25
76 0 9 9 1 BM25
76 0 50 10 1 BM25
76 0 329 11 1 BM25
76 0 318 12 1 BM25
76 0 328 13 1 BM25
76 0 272 14 1 BM25
76 0 572 15 1 BM25
76 0 1391 16 1 BM25
76 0 803 17 1 BM25
76 0 1395 18 1 BM25
76 0 62 19 1 BM25
76 0 25 20 1 BM25
77 0 1264 1 1 BM25
77 0 667 2 1 BM25
77 0 170 3 1 BM25
77 0 329 4 1 BM25
77 0 630 5 1 BM25
77 0 1395 6 1 BM25
77 0 1391 7 1 BM25
77 0 315 8 1 BM25
77 0 668 9 1 BM25
77 0 572 10 1 BM25
77 0 347 11 1 BM25
77 0 272 12 1 BM25
77 0 1228 13 1 BM25
77 0 537 14 1 BM25
77 0 345 15 1 BM25
77 0 504 16 1 BM25
77 0 134 17 1 BM25
77 0 1359 18 1 BM25
77 0 187 19 1 BM25
77 0 1372 20 1 BM25
78 0 589 1 1 BM25
78 0 588 2 1 BM25
78 0 543 3 1 BM25
78 0 578 4 1 BM25
78 0 591 5 1 BM25
78 0 237 6 1 BM25
78 0 426 7 1 BM25
78 0 138 8 1 BM25
78 0 592 9 1 BM25
78 0 590 10 1 BM25
78 0 216 11 1 BM25
78 0 576 12 1 BM25
78 0 764 13 1 BM25
78 0 822 14 1 BM25
78 0 739 15 1 BM25
78 0 214 16 1 BM25
78 0 341 17 1 BM25
78 0 1372 18 1 BM25
78 0 928 19 1 BM25
78 0 1368 20 1 BM25
79 0 544 1 1 BM25
79 0 199 2 1 BM25
79 0 1066 3 1 BM25
79 0 567 4 1 BM25
79 0 755 5 1 BM25
79 0 748 6 1 BM25
79 0 413 7 1 BM25
79 0 202 8 1 BM25
79 0 1310 9 1 BM25
79 0 56 10 1 BM25
79 0 307 11 1 BM25
79 0 52 12 1 BM25
79 0 516 13 1 BM25
79 0 781 14 1 BM25
79 0 196 15 1 BM25
79 0 347 16 1 BM25
79 0 597 17 1 BM25
79 0 203 18 1 BM25
79 0 546 19 1 BM25
79 0 688 20 1 BM25
80 0 544 1 1 BM25
80 0 546 2 1 BM25
80 0 1335 3 1 BM25
80 0 602 4 1 BM25
80 0 168 5 1 BM25
80 0 441 6 1 BM25
80 0 813 7 1 BM25
80 0 1019 8 1 BM25
80 0 1162 9 1 BM25
80 0 604 10 1 BM25
80 0 878 11 1 BM25
80 0 301 12 1 BM25
80 0 1336 13 1 BM25
80 0 606 14 1 BM25
80 0 947 15 1 BM25
80 0 536 16 1 BM25
80 0 717 17 1 BM25
80 0 1024 18 1 BM25
80 0 1066 19 1 BM25
80 0 917 20 1 BM25
81 0 799 1 1 BM25
81 0 714 2 1 BM25
81 0 672 3 1 BM25
81 0 631 4 1 BM25
81 0 652 5 1 BM25
81 0 206 6 1 BM25
81 0 185 7 1 BM25
81 0 468 8 1 BM25
81 0 203 9 1 BM25
81 0 597 10 1 BM25
81 0 78 11 1 BM25
81 0 809 12 1 BM25
81 0 245 13 1 BM25
81 0 1354 14 1 BM25
81 0 470 15 1 BM25
81 0 1074 16 1 BM25
81 0 1336 17 1 BM25
81 0 42 18 1 BM25
81 0 1163 19 1 BM25
81 0 249 20 1 BM25
82 0 678 1 1 BM25
82 0 1334 2 1 BM25
82 0 1339 3 1 BM25
82 0 676 4 1 BM25
82 0 465 5 1 BM25
82 0 677 6 1 BM25
82 0 1332 7 1 BM25
82 0 638 8 1 BM25
82 0 1289 9 1 BM25
82 0 783 10 1 BM25
82 0 247 11 1 BM25
82 0 704 12 1 BM25
82 0 1343 13 1 BM25
82 0 924 14 1 BM25
82 0 712 15 1 BM25
82 0 1246 16 1 BM25
82 0 250 17 1 BM25
82 0 811 18 1 BM25
82 0 206 19 1 BM25
82 0 204 20 1 BM25
83 0 680 1 1 BM25
83 0 1060 2 1 BM25
83 0 1275 3 1 BM25
83 0 1053 4 1 BM25
83 0 1196 5 1 BM25
83 0 24 6 1 BM25
83 0 855 7 1 BM25
83 0 909 8 1 BM25
83 0 1029 9 1 BM25
83 0 286 10 1 BM25
83 0 385 11 1 BM25
83 0 1286 12 1 BM25
83 0 170 13 1 BM25
83 0 740 14 1 BM25
83 0 700 15 1 BM25
83 0 509 16 1 BM25
83 0 1298 17 1 BM25
83 0 396 18 1 BM25
83 0 18 19 1 BM25
83 0 1190 20 1 BM25
84 0 522 1 1 BM25
84 0 294 2 1 BM25
84 0 873 3 1 BM25
84 0 554 4 1 BM25
84 0 555 5 1 BM25
84 0 546 6 1 BM25
84 0 378 7 1 BM25
84 0 1104 8 1 BM25
84 0 17 9 1 BM25
84 0 21 10 1 BM25
84 0 142 11 1 BM25
84 0 36 12 1 BM25
84 0 1281 13 1 BM25
84 0 872 14 1 BM25
84 0 337 15 1 BM25
84 0 101 16 1 BM25
84 0 753 17 1 BM25
84 0 553 18 1 BM25
84 0 120 19 1 BM25
84 0 344 20 1 BM25
85 0 710 1 1 BM25
85 0 184 2 1 BM25
85 0 80 3 1 BM25
85 0 1155 4 1 BM25
85 0 1287 5 1 BM25
85 0 84 6 1 BM25
85 0 294 7 1 BM25
85 0 9 8 1 BM25
85 0 40 9 1 BM25
85 0 315 10 1 BM25
85 0 7 11 1 BM25
85 0 207 12 1 BM25
85 0 522 13 1 BM25
85 0 314 14 1 BM25
85 0 182 15 1 BM25
85 0 272 16 1 BM25
85 0 280 17 1 BM25
85 0 1211 18 1 BM25
85 0 1350 19 1 BM25
85 0 1278 20 1 BM25
86 0 755 1 1 BM25
86 0 594 2 1 BM25
86 0 790 3 1 BM25
86 0 1155 4 1 BM25
86 0 280 5 1 BM25
86 0 141 6 1 BM25
86 0 516 7 1 BM25
86 0 544 8 1 BM25
86 0 719 9 1 BM25
86 0 431 10 1 BM25
86 0 598 11 1 BM25
86 0 1290 12 1 BM25
86 0 808 13 1 BM25
86 0 1305 14 1 BM25
86 0 876 15 1 BM25
86 0 455 16 1 BM25
86 0 188 17 1 BM25
86 0 602 18 1 BM25
86 0 1001 19 1 BM25
86 0 179 20 1 BM25
87 0 547 1 1 BM25
87 0 439 2 1 BM25
87 0 134 3 1 BM25
87 0 1267 4 1 BM25
87 0 667 5 1 BM25
87 0 191 6 1 BM25
87 0 310 7 1 BM25
87 0 797 8 1 BM25
87 0 2 9 1 BM25
87 0 334 10 1 BM25
87 0 1198 11 1 BM25
87 0 1309 12 1 BM25
87 0 625 13 1 BM25
87 0 788 14 1 BM25
87 0 707 15 1 BM25
87 0 569 16 1 BM25
87 0 572 17 1 BM25
87 0 903 18 1 BM25
87 0 1300 19 1 BM25
87 0 1157 20 1 BM25
88 0 548 1 1 BM25
88 0 613 2 1 BM25
88 0 622 3 1 BM25
88 0 617 4 1 BM25
88 0 616 5 1 BM25
88 0 615 6 1 BM25
88 0 614 7 1 BM25
88 0 618 8 1 BM25
88 0 621 9 1 BM25
88 0 162 10 1 BM25
88 0 619 11 1 BM25
88 0 1150 12 1 BM25
88 0 958 13 1 BM25
88 0 620 14 1 BM25
88 0 163 15 1 BM25
88 0 1345 16 1 BM25
88 0 510 17 1 BM25
88 0 719 18 1 BM25
88 0 275 19 1 BM25
88 0 1161 20 1 BM25
89 0 1338 1 1 BM25
89 0 879 2 1 BM25
89 0 1290 3 1 BM25
89 0 200 4 1 BM25
89 0 793 5 1 BM25
89 0 699 6 1 BM25
89 0 52 7 1 BM25
89 0 924 8 1 BM25
89 0 916 9 1 BM25
89 0 1341 10 1 BM25
89 0 247 11 1 BM25
89 0 205 12 1 BM25
89 0 794 13 1 BM25
89 0 797 14 1 BM25
89 0 464 15 1 BM25
89 0 1343 16 1 BM25
89 0 316 17 1 BM25
89 0 315 18 1 BM25
89 0 632 19 1 BM25
89 0 902 20 1 BM25
90 0 265 1 1 BM25
90 0 1187 2 1 BM25
90 0 311 3 1 BM25
90 0 293 4 1 BM25
90 0 979 5 1 BM25
90 0 892 6 1 BM25
90 0 416 7 1 BM25
90 0 793 8 1 BM25
90 0 527 9 1 BM25
90 0 415 10 1 BM25
90 0 484 11 1 BM25
90 0 457 12 1 BM25
90 0 294 13 1 BM25
90 0 1239 14 1 BM25
90 0 1281 15 1 BM25
90 0 651 16 1 BM25
90 0 996 17 1 BM25
90 0 111 18 1 BM25
90 0 757 19 1 BM25
90 0 124 20 1 BM25
91 0 252 1 1 BM25
91 0 924 2 1 BM25
91 0 795 3 1 BM25
91 0 431 4 1 BM25
91 0 799 5 1 BM25
91 0 1153 6 1 BM25
91 0 1154 7 1 BM25
91 0 800 8 1 BM25
91 0 526 9 1 BM25
91 0 316 10 1 BM25
91 0 672 11 1 BM25
91 0 879 12 1 BM25
91 0 925 13 1 BM25
91 0 801 14 1 BM25
91 0 610 15 1 BM25
91 0 197 16 1 BM25
91 0 468 17 1 BM25
91 0 1338 18 1 BM25
91 0 1341 19 1 BM25
91 0 919 20 1 BM25
92 0 810 1 1 BM25
92 0 806 2 1 BM25
92 0 804 3 1 BM25
92 0 1247 4 1 BM25
92 0 683 5 1 BM25
92 0 1331 6 1 BM25
92 0 1093 7 1 BM25
92 0 1219 8 1 BM25
92 0 807 9 1 BM25
92 0 1252 10 1 BM25
92 0 811 11 1 BM25
92 0 711 12 1 BM25
92 0 1147 13 1 BM25
92 0 808 14 1 BM25
92 0 805 15 1 BM25
92 0 1071 16 1 BM25
92 0 235 17 1 BM25
92 0 870 18 1 BM25
92 0 317 19 1 BM25
92 0 357 20 1 BM25
93 0 635 1 1 BM25
93 0 691 2 1 BM25
93 0 1241 3 1 BM25
93 0 1336 4 1 BM25
93 0 68 5 1 BM25
93 0 232 6 1 BM25
93 0 421 7 1 BM25
93 0 1315 8 1 BM25
93 0 461 9 1 BM25
93 0 1335 10 1 BM25
93 0 1072 11 1 BM25
93 0 1157 12 1 BM25
93 0 923 13 1 BM25
93 0 1143 14 1 BM25
93 0 1314 15 1 BM25
93 0 234 16 1 BM25
93 0 1374 17 1 BM25
93 0 628 18 1 BM25
93 0 1100 19 1 BM25
93 0 686 20 1 BM25
94 0 559 1 1 BM25
94 0 983 2 1 BM25
94 0 1393 3 1 BM25
94 0 1104 4 1 BM25
94 0 1161 5 1 BM25
94 0 283 6 1 BM25
94 0 84 7 1 BM25
94 0 1394 8 1 BM25
94 0 438 9 1 BM25
94 0 101 10 1 BM25
94 0 366 11 1 BM25
94 0 24 12 1 BM25
94 0 1213 13 1 BM25
94 0 142 14 1 BM25
94 0 553 15 1 BM25
94 0 524 16 1 BM25
94 0 365 17 1 BM25
94 0 1348 18 1 BM25
94 0 662 19 1 BM25
94 0 555 20 1 BM25
95 0 553 1 1 BM25
95 0 662 2 1 BM25
95 0 1002 3 1 BM25
95 0 1104 4 1 BM25
95 0 554 5 1 BM25
95 0 1258 6 1 BM25
95 0 635 7 1 BM25
95 0 690 8 1 BM25
95 0 101 9 1 BM25
95 0 628 10 1 BM25
95 0 1204 11 1 BM25
95 0 123 12 1 BM25
95 0 555 13 1 BM25
95 0 535 14 1 BM25
95 0 564 15 1 BM25
95 0 1074 16 1 BM25
95 0 283 17 1 BM25
95 0 546 18 1 BM25
95 0 689 19 1 BM25
95 0 29 20 1 BM25
96 0 637 1 1 BM25
96 0 698 2 1 BM25
96 0 680 3 1 BM25
96 0 779 4 1 BM25
96 0 705 5 1 BM25
96 0 699 6 1 BM25
96 0 700 7 1 BM25
96 0 465 8 1 BM25
96 0 1289 9 1 BM25
96 0 803 10 1 BM25
96 0 288 11 1 BM25
96 0 247 12 1 BM25
96 0 712 13 1 BM25
96 0 1333 14 1 BM25
96 0 1334 15 1 BM25
96 0 1332 16 1 BM25
96 0 704 17 1 BM25
96 0 1339 18 1 BM25
96 0 638 19 1 BM25
96 0 899 20 1 BM25
97 0 1331 1 1 BM25
97 0 1289 2 1 BM25
97 0 779 3 1 BM25
97 0 882 4 1 BM25
97 0 1270 5 1 BM25
97 0 783 6 1 BM25
97 0 781 7 1 BM25
97 0 790 8 1 BM25
97 0 701 9 1 BM25
97 0 1214 10 1 BM25
97 0 187 11 1 BM25
97 0 702 12 1 BM25
97 0 810 13 1 BM25
97 0 953 14 1 BM25
97 0 251 15 1 BM25
97 0 1391 16 1 BM25
97 0 948 17 1 BM25
97 0 495 18 1 BM25
97 0 728 19 1 BM25
97 0 906 20 1 BM25
98 0 638 1 1 BM25
98 0 673 2 1 BM25
98 0 1163 3 1 BM25
98 0 1091 4 1 BM25
98 0 1356 5 1 BM25
98 0 792 6 1 BM25
98 0 1328 7 1 BM25
98 0 631 8 1 BM25
98 0 704 9 1 BM25
98 0 747 10 1 BM25
98 0 1095 11 1 BM25
98 0 222 12 1 BM25
98 0 685 13 1 BM25
98 0 1343 14 1 BM25
98 0 1338 15 1 BM25
98 0 1393 16 1 BM25
98 0 1169 17 1 BM25
98 0 1332 18 1 BM25
98 0 368 19 1 BM25
98 0 1334 20 1 BM25
99 0 639 1 1 BM25
99 0 715 2 1 BM25
99 0 719 3 1 BM25
99 0 716 4 1 BM25
99 0 717 5 1 BM25
99 0 1000 6 1 BM25
99 0 164 7 1 BM25
99 0 67 8 1 BM25
99 0 1348 9 1 BM25
99 0 944 10 1 BM25
99 0 682 11 1 BM25
99 0 982 12 1 BM25
99 0 1379 13 1 BM25
99 0 163 14 1 BM25
99 0 69 15 1 BM25
99 0 77 16 1 BM25
99 0 1344 17 1 BM25
99 0 499 18 1 BM25
99 0 1034 19 1 BM25
99 0 1345 20 1 BM25
100 0 1122 1 1 BM25
100 0 760 2 1 BM25
100 0 822 3 1 BM25
100 0 1172 4 1 BM25
100 0 1126 5 1 BM25
100 0 739 6 1 BM25
100 0 740 7 1 BM25
100 0 897 8 1 BM25
100 0 885 9 1 BM25
100 0 1051 10 1 BM25
100 0 743 11 1 BM25
100 0 1068 12 1 BM25
100 0 741 13 1 BM25
100 0 1013 14 1 BM25
100 0 1171 15 1 BM25
100 0 928 16 1 BM25
100 0 769 17 1 BM25
100 0 1067 18 1 BM25
100 0 1118 19 1 BM25
100 0 887 20 1 BM25
101 0 819 1 1 BM25
101 0 760 2 1 BM25
101 0 818 3 1 BM25
101 0 817 4 1 BM25
101 0 820 5 1 BM25
101 0 1119 6 1 BM25
101 0 823 7 1 BM25
101 0 825 8 1 BM25
101 0 1122 9 1 BM25
101 0 1121 10 1 BM25
101 0 826 11 1 BM25
101 0 824 12 1 BM25
101 0 1023 13 1 BM25
101 0 1 14 1 BM25
101 0 1030 15 1 BM25
101 0 1067 16 1 BM25
101 0 599 17 1 BM25
101 0 532 18 1 BM25
101 0 692 19 1 BM25
101 0 867 20 1 BM25
102 0 910 1 1 BM25
102 0 729 2 1 BM25
102 0 1007 3 1 BM25
102 0 1289 4 1 BM25
102 0 1092 5 1 BM25
102 0 728 6 1 BM25
102 0 287 7 1 BM25
102 0 1389 8 1 BM25
102 0 516 9 1 BM25
102 0 720 10 1 BM25
102 0 1001 11 1 BM25
102 0 713 12 1 BM25
102 0 654 13 1 BM25
102 0 724 14 1 BM25
102 0 1260 15 1 BM25
102 0 1024 16 1 BM25
102 0 913 17 1 BM25
102 0 1331 18 1 BM25
102 0 998 19 1 BM25
102 0 824 20 1 BM25
103 0 761 1 1 BM25
103 0 1214 2 1 BM25
103 0 1050 3 1 BM25
103 0 1048 4 1 BM25
103 0 956 5 1 BM25
103 0 1127 6 1 BM25
103 0 1126 7 1 BM25
103 0 951 8 1 BM25
103 0 251 9 1 BM25
103 0 720 10 1 BM25
103 0 1049 11 1 BM25
103 0 906 12 1 BM25
103 0 1174 13 1 BM25
103 0 1211 14 1 BM25
103 0 1027 15 1 BM25
103 0 1119 16 1 BM25
103 0 265 17 1 BM25
103 0 182 18 1 BM25
103 0 770 19 1 BM25
103 0 1128 20 1 BM25
104 0 762 1 1 BM25
104 0 462 2 1 BM25
104 0 837 3 1 BM25
104 0 644 4 1 BM25
104 0 1024 5 1 BM25
104 0 840 6 1 BM25
104 0 824 7 1 BM25
104 0 1177 8 1 BM25
104 0 910 9 1 BM25
104 0 760 10 1 BM25
104 0 957 11 1 BM25
104 0 852 12 1 BM25
104 0 818 13 1 BM25
104 0 866 14 1 BM25
104 0 1117 15 1 BM25
104 0 863 16 1 BM25
104 0 825 17 1 BM25
104 0 913 18 1 BM25
104 0 826 19 1 BM25
104 0 29 20 1 BM25
105 0 764 1 1 BM25
105 0 848 2 1 BM25
105 0 847 3 1 BM25
105 0 846 4 1 BM25
105 0 953 5 1 BM25
105 0 1067 6 1 BM25
105 0 743 7 1 BM25
105 0 739 8 1 BM25
105 0 1126 9 1 BM25
105 0 1037 10 1 BM25
105 0 1071 11 1 BM25
105 0 844 12 1 BM25
105 0 1029 13 1 BM25
105 0 839 14 1 BM25
105 0 1036 15 1 BM25
105 0 763 16 1 BM25
105 0 897 17 1 BM25
105 0 1034 18 1 BM25
105 0 1051 19 1 BM25
105 0 887 20 1 BM25
106 0 847 1 1 BM25
106 0 764 2 1 BM25
106 0 1036 3 1 BM25
106 0 848 4 1 BM25
106 0 844 5 1 BM25
106 0 953 6 1 BM25
106 0 846 7 1 BM25
106 0 1042 8 1 BM25
106 0 739 9 1 BM25
106 0 1038 10 1 BM25
106 0 1043 11 1 BM25
106 0 42 12 1 BM25
106 0 1126 13 1 BM25
106 0 1037 14 1 BM25
106 0 728 15 1 BM25
106 0 1298 16 1 BM25
106 0 845 17 1 BM25
106 0 1066 18 1 BM25
106 0 908 19 1 BM25
106 0 1070 20 1 BM25
107 0 640 1 1 BM25
107 0 883 2 1 BM25
107 0 725 3 1 BM25
107 0 909 4 1 BM25
107 0 724 5 1 BM25
107 0 220 6 1 BM25
107 0 12 7 1 BM25
107 0 720 8 1 BM25
107 0 870 9 1 BM25
107 0 29 10 1 BM25
107 0 729 11 1 BM25
107 0 836 12 1 BM25
107 0 911 13 1 BM25
107 0 658 14 1 BM25
107 0 1051 15 1 BM25
107 0 1039 16 1 BM25
107 0 497 17 1 BM25
107 0 202 18 1 BM25
107 0 908 19 1 BM25
107 0 722 20 1 BM25
108 0 75 1 1 BM25
108 0 724 2 1 BM25
108 0 884 3 1 BM25
108 0 720 4 1 BM25
108 0 883 5 1 BM25
108 0 726 6 1 BM25
108 0 727 7 1 BM25
108 0 640 8 1 BM25
108 0 768 9 1 BM25
108 0 881 10 1 BM25
108 0 909 11 1 BM25
108 0 723 12 1 BM25
108 0 721 13 1 BM25
108 0 100 14 1 BM25
108 0 951 15 1 BM25
108 0 722 16 1 BM25
108 0 860 17 1 BM25
108 0 1244 18 1 BM25
108 0 47 19 1 BM25
108 0 767 20 1 BM25
109 0 391 1 1 BM25
109 0 859 2 1 BM25
109 0 627 3 1 BM25
109 0 1008 4 1 BM25
109 0 711 5 1 BM25
109 0 658 6 1 BM25
109 0 51 7 1 BM25
109 0 31 8 1 BM25
109 0 5 9 1 BM25
109 0 390 10 1 BM25
109 0 729 11 1 BM25
109 0 894 12 1 BM25
109 0 709 13 1 BM25
109 0 434 14 1 BM25
109 0 726 15 1 BM25
109 0 886 16 1 BM25
109 0 66 17 1 BM25
109 0 857 18 1 BM25
109 0 856 19 1 BM25
109 0 982 20 1 BM25
110 0 15 1 1 BM25
110 0 862 2 1 BM25
110 0 1387 3 1 BM25
110 0 856 4 1 BM25
110 0 1117 5 1 BM25
110 0 412 6 1 BM25
110 0 1035 7 1 BM25
110 0 1177 8 1 BM25
110 0 1398 9 1 BM25
110 0 1131 10 1 BM25
110 0 642 11 1 BM25
110 0 1013 12 1 BM25
110 0 1015 13 1 BM25
110 0 1173 14 1 BM25
110 0 926 15 1 BM25
110 0 857 16 1 BM25
110 0 827 17 1 BM25
110 0 1172 18 1 BM25
110 0 744 19 1 BM25
110 0 957 20 1 BM25
111 0 894 1 1 BM25
111 0 857 2 1 BM25
111 0 856 3 1 BM25
111 0 627 4 1 BM25
111 0 1131 5 1 BM25
111 0 1008 6 1 BM25
111 0 392 7 1 BM25
111 0 390 8 1 BM25
111 0 766 9 1 BM25
111 0 1392 10 1 BM25
111 0 859 11 1 BM25
111 0 858 12 1 BM25
111 0 391 13 1 BM25
111 0 658 14 1 BM25
111 0 1400 15 1 BM25
111 0 864 16 1 BM25
111 0 874 17 1 BM25
111 0 948 18 1 BM25
111 0 686 19 1 BM25
111 0 285 20 1 BM25
112 0 641 1 1 BM25
112 0 730 2 1 BM25
112 0 734 3 1 BM25
112 0 422 4 1 BM25
112 0 735 5 1 BM25
112 0 736 6 1 BM25
112 0 733 7 1 BM25
112 0 648 8 1 BM25
112 0 831 9 1 BM25
112 0 647 10 1 BM25
112 0 936 11 1 BM25
112 0 840 12 1 BM25
112 0 700 13 1 BM25
112 0 955 14 1 BM25
112 0 1175 15 1 BM25
112 0 731 16 1 BM25
112 0 15 17 1 BM25
112 0 1398 18 1 BM25
112 0 1054 19 1 BM25
112 0 1045 20 1 BM25
113 0 704 1 1 BM25
113 0 815 2 1 BM25
113 0 748 3 1 BM25
113 0 265 4 1 BM25
113 0 467 5 1 BM25
113 0 638 6 1 BM25
113 0 708 7 1 BM25
113 0 801 8 1 BM25
113 0 790 9 1 BM25
113 0 52 10 1 BM25
113 0 1272 11 1 BM25
113 0 709 12 1 BM25
113 0 969 13 1 BM25
113 0 360 14 1 BM25
113 0 716 15 1 BM25
113 0 1349 16 1 BM25
113 0 1290 17 1 BM25
113 0 202 18 1 BM25
113 0 204 19 1 BM25
113 0 780 20 1 BM25
114 0 895 1 1 BM25
114 0 712 2 1 BM25
114 0 1266 3 1 BM25
114 0 1290 4 1 BM25
114 0 919 5 1 BM25
114 0 632 6 1 BM25
114 0 917 7 1 BM25
114 0 757 8 1 BM25
114 0 704 9 1 BM25
114 0 465 10 1 BM25
114 0 780 11 1 BM25
114 0 1333 12 1 BM25
114 0 1289 13 1 BM25
114 0 676 14 1 BM25
114 0 918 15 1 BM25
114 0 1246 16 1 BM25
114 0 1340 17 1 BM25
114 0 699 18 1 BM25
114 0 685 19 1 BM25
114 0 924 20 1 BM25
115 0 486 1 1 BM25
115 0 746 2 1 BM25
115 0 540 3 1 BM25
115 0 875 4 1 BM25
115 0 422 5 1 BM25
115 0 284 6 1 BM25
115 0 51 7 1 BM25
115 0 12 8 1 BM25
115 0 102 9 1 BM25
115 0 782 10 1 BM25
115 0 586 11 1 BM25
115 0 1361 12 1 BM25
115 0 549 13 1 BM25
115 0 390 14 1 BM25
115 0 552 15 1 BM25
115 0 14 16 1 BM25
115 0 371 17 1 BM25
115 0 365 18 1 BM25
115 0 81 19 1 BM25
115 0 1098 20 1 BM25
116 0 186 1 1 BM25
116 0 1106 2 1 BM25
116 0 522 3 1 BM25
116 0 1038 4 1 BM25
116 0 801 5 1 BM25
116 0 272 6 1 BM25
116 0 1218 7 1 BM25
116 0 1351 8 1 BM25
116 0 48 9 1 BM25
116 0 1074 10 1 BM25
116 0 759 11 1 BM25
116 0 225 12 1 BM25
116 0 423 13 1 BM25
116 0 605 14 1 BM25
116 0 702 15 1 BM25
116 0 1243 16 1 BM25
116 0 136 17 1 BM25
116 0 1 18 1 BM25
116 0 1064 19 1 BM25
116 0 505 20 1 BM25
117 0 189 1 1 BM25
117 0 1304 2 1 BM25
117 0 196 3 1 BM25
117 0 122 4 1 BM25
117 0 999 5 1 BM25
117 0 282 6 1 BM25
117 0 927 7 1 BM25
117 0 925 8 1 BM25
117 0 907 9 1 BM25
117 0 440 10 1 BM25
117 0 688 11 1 BM25
117 0 1162 12 1 BM25
117 0 1001 13 1 BM25
117 0 1285 14 1 BM25
117 0 64 15 1 BM25
117 0 713 16 1 BM25
117 0 229 17 1 BM25
117 0 1328 18 1 BM25
117 0 360 19 1 BM25
117 0 434 20 1 BM25
118 0 520 1 1 BM25
118 0 923 2 1 BM25
118 0 229 3 1 BM25
118 0 924 4 1 BM25
118 0 246 5 1 BM25
118 0 803 6 1 BM25
118 0 1239 7 1 BM25
118 0 1243 8 1 BM25
118 0 811 9 1 BM25
118 0 230 10 1 BM25
118 0 360 11 1 BM25
118 0 1305 12 1 BM25
118 0 1074 13 1 BM25
118 0 815 14 1 BM25
118 0 809 15 1 BM25
118 0 1380 16 1 BM25
118 0 141 17 1 BM25
118 0 672 18 1 BM25
118 0 638 19 1 BM25
118 0 1352 20 1 BM25
119 0 897 1 1 BM25
119 0 928 2 1 BM25
119 0 1068 3 1 BM25
119 0 1051 4 1 BM25
119 0 1132 5 1 BM25
119 0 1116 6 1 BM25
119 0 765 7 1 BM25
119 0 926 8 1 BM25
119 0 789 9 1 BM25
119 0 1033 10 1 BM25
119 0 822 11 1 BM25
119 0 1260 12 1 BM25
119 0 852 13 1 BM25
119 0 1034 14 1 BM25
119 0 1070 15 1 BM25
119 0 1133 16 1 BM25
119 0 846 17 1 BM25
119 0 1129 18 1 BM25
119 0 1122 19 1 BM25
119 0 952 20 1 BM25
120 0 769 1 1 BM25
120 0 887 2 1 BM25
120 0 890 3 1 BM25
120 0 1172 4 1 BM25
120 0 1122 5 1 BM25
120 0 886 6 1 BM25
120 0 1145 7 1 BM25
120 0 740 8 1 BM25
120 0 1068 9 1 BM25
120 0 885 10 1 BM25
120 0 888 11 1 BM25
120 0 1146 12 1 BM25
120 0 741 13 1 BM25
120 0 760 14 1 BM25
120 0 897 15 1 BM25
120 0 765 16 1 BM25
120 0 926 17 1 BM25
120 0 833 18 1 BM25
120 0 739 19 1 BM25
120 0 891 20 1 BM25
121 0 769 1 1 BM25
121 0 888 2 1 BM25
121 0 1146 3 1 BM25
121 0 887 4 1 BM25
121 0 1017 5 1 BM25
121 0 890 6 1 BM25
121 0 1177 7 1 BM25
121 0 1178 8 1 BM25
121 0 1127 9 1 BM25
121 0 1117 10 1 BM25
121 0 1173 11 1 BM25
121 0 926 12 1 BM25
121 0 891 13 1 BM25
121 0 739 14 1 BM25
121 0 885 15 1 BM25
121 0 1172 16 1 BM25
121 0 31 17 1 BM25
121 0 741 18 1 BM25
121 0 1122 19 1 BM25
121 0 1116 20 1 BM25
122 0 898 1 1 BM25
122 0 1070 2 1 BM25
122 0 931 3 1 BM25
122 0 938 4 1 BM25
122 0 934 5 1 BM25
122 0 935 6 1 BM25
122 0 930 7 1 BM25
122 0 1171 8 1 BM25
122 0 1172 9 1 BM25
122 0 78 10 1 BM25
122 0 743 11 1 BM25
122 0 1071 12 1 BM25
122 0 1059 13 1 BM25
122 0 1117 14 1 BM25
122 0 1001 15 1 BM25
122 0 1130 16 1 BM25
122 0 957 17 1 BM25
122 0 1118 18 1 BM25
122 0 841 19 1 BM25
122 0 929 20 1 BM25
123 0 941 1 1 BM25
123 0 742 2 1 BM25
123 0 1360 3 1 BM25
123 0 1221 4 1 BM25
123 0 112 5 1 BM25
123 0 740 6 1 BM25
123 0 387 7 1 BM25
123 0 1270 8 1 BM25
123 0 34 9 1 BM25
123 0 147 10 1 BM25
123 0 775 11 1 BM25
123 0 351 12 1 BM25
123 0 206 13 1 BM25
123 0 917 14 1 BM25
123 0 966 15 1 BM25
123 0 270 16 1 BM25
123 0 537 17 1 BM25
123 0 910 18 1 BM25
123 0 394 19 1 BM25
123 0 1316 20 1 BM25
124 0 941 1 1 BM25
124 0 898 2 1 BM25
124 0 516 3 1 BM25
124 0 934 4 1 BM25
124 0 1070 5 1 BM25
124 0 938 6 1 BM25
124 0 442 7 1 BM25
124 0 1171 8 1 BM25
124 0 1001 9 1 BM25
124 0 1288 10 1 BM25
124 0 139 11 1 BM25
124 0 514 12 1 BM25
124 0 929 13 1 BM25
124 0 598 14 1 BM25
124 0 230 15 1 BM25
124 0 25 16 1 BM25
124 0 931 17 1 BM25
124 0 739 18 1 BM25
124 0 183 19 1 BM25
124 0 904 20 1 BM25
125 0 997 1 1 BM25
125 0 993 2 1 BM25
125 0 176 3 1 BM25
125 0 1350 4 1 BM25
125 0 1083 5 1 BM25
125 0 696 6 1 BM25
125 0 131 7 1 BM25
125 0 970 8 1 BM25
125 0 1075 9 1 BM25
125 0 1074 10 1 BM25
125 0 1093 11 1 BM25
125 0 695 12 1 BM25
125 0 1292 13 1 BM25
125 0 409 14 1 BM25
125 0 245 15 1 BM25
125 0 519 16 1 BM25
125 0 1352 17 1 BM25
125 0 924 18 1 BM25
125 0 971 19 1 BM25
125 0 1062 20 1 BM25
126 0 1326 1 1 BM25
126 0 1288 2 1 BM25
126 0 974 3 1 BM25
126 0 1095 4 1 BM25
126 0 773 5 1 BM25
126 0 1083 6 1 BM25
126 0 1265 7 1 BM25
126 0 1169 8 1 BM25
126 0 397 9 1 BM25
126 0 1237 10 1 BM25
126 0 1163 11 1 BM25
126 0 387 12 1 BM25
126 0 711 13 1 BM25
126 0 1328 14 1 BM25
126 0 368 15 1 BM25
126 0 374 16 1 BM25
126 0 1082 17 1 BM25
126 0 994 18 1 BM25
126 0 61 19 1 BM25
126 0 1322 20 1 BM25
127 0 6 1 1 BM25
127 0 5 2 1 BM25
127 0 869 3 1 BM25
127 0 981 4 1 BM25
127 0 158 5 1 BM25
127 0 582 6 1 BM25
127 0 587 7 1 BM25
127 0 944 8 1 BM25
127 0 339 9 1 BM25
127 0 606 10 1 BM25
127 0 395 11 1 BM25
127 0 12 12 1 BM25
127 0 294 13 1 BM25
127 0 500 14 1 BM25
127 0 1375 15 1 BM25
127 0 75 16 1 BM25
127 0 586 17 1 BM25
127 0 1207 18 1 BM25
127 0 34 19 1 BM25
127 0 1346 20 1 BM25
128 0 945 1 1 BM25
128 0 92 2 1 BM25
128 0 1063 3 1 BM25
128 0 745 4 1 BM25
128 0 1087 5 1 BM25
128 0 1246 6 1 BM25
128 0 762 7 1 BM25
128 0 493 8 1 BM25
128 0 248 9 1 BM25
128 0 988 10 1 BM25
128 0 111 11 1 BM25
128 0 987 12 1 BM25
128 0 1388 13 1 BM25
128 0 12 14 1 BM25
128 0 648 15 1 BM25
128 0 1219 16 1 BM25
128 0 989 17 1 BM25
128 0 328 18 1 BM25
128 0 704 19 1 BM25
128 0 529 20 1 BM25
129 0 945 1 1 BM25
129 0 988 2 1 BM25
129 0 989 3 1 BM25
129 0 987 4 1 BM25
129 0 278 5 1 BM25
129 0 741 6 1 BM25
129 0 314 7 1 BM25
129 0 36 8 1 BM25
129 0 985 9 1 BM25
129 0 1310 10 1 BM25
129 0 367 11 1 BM25
129 0 427 12 1 BM25
129 0 872 13 1 BM25
129 0 143 14 1 BM25
129 0 1279 15 1 BM25
129 0 1192 16 1 BM25
129 0 705 17 1 BM25
129 0 86 18 1 BM25
129 0 368 19 1 BM25
129 0 180 20 1 BM25
130 0 948 1 1 BM25
130 0 859 2 1 BM25
130 0 766 3 1 BM25
130 0 391 4 1 BM25
130 0 729 5 1 BM25
130 0 1008 6 1 BM25
130 0 856 7 1 BM25
130 0 858 8 1 BM25
130 0 627 9 1 BM25
130 0 894 10 1 BM25
130 0 5 11 1 BM25
130 0 658 12 1 BM25
130 0 727 13 1 BM25
130 0 390 14 1 BM25
130 0 634 15 1 BM25
130 0 1162 16 1 BM25
130 0 815 17 1 BM25
130 0 434 18 1 BM25
130 0 709 19 1 BM25
130 0 857 20 1 BM25
131 0 950 1 1 BM25
131 0 1021 2 1 BM25
131 0 1025 3 1 BM25
131 0 1023 4 1 BM25
131 0 1012 5 1 BM25
131 0 1022 6 1 BM25
131 0 952 7 1 BM25
131 0 1034 8 1 BM25
131 0 1019 9 1 BM25
131 0 1024 10 1 BM25
131 0 1017 11 1 BM25
131 0 1026 12 1 BM25
131 0 1028 13 1 BM25
131 0 1020 14 1 BM25
131 0 1015 15 1 BM25
131 0 1013 16 1 BM25
131 0 1018 17 1 BM25
131 0 955 18 1 BM25
131 0 1125 19 1 BM25
131 0 951 20 1 BM25
132 0 1017 1 1 BM25
132 0 1021 2 1 BM25
132 0 1013 3 1 BM25
132 0 1026 4 1 BM25
132 0 1025 5 1 BM25
132 0 1023 6 1 BM25
132 0 1015 7 1 BM25
132 0 1052 8 1 BM25
132 0 951 9 1 BM25
132 0 1018 10 1 BM25
132 0 1014 11 1 BM25
132 0 1012 12 1 BM25
132 0 1029 13 1 BM25
132 0 952 14 1 BM25
132 0 1028 15 1 BM25
132 0 950 16 1 BM25
132 0 1027 17 1 BM25
132 0 1024 18 1 BM25
132 0 1022 19 1 BM25
132 0 1030 20 1 BM25
133 0 951 1 1 BM25
133 0 1013 2 1 BM25
133 0 1026 3 1 BM25
133 0 1017 4 1 BM25
133 0 1023 5 1 BM25
133 0 1015 6 1 BM25
133 0 1028 7 1 BM25
133 0 1018 8 1 BM25
133 0 1014 9 1 BM25
133 0 1012 10 1 BM25
133 0 1021 11 1 BM25
133 0 1029 12 1 BM25
133 0 1025 13 1 BM25
133 0 1027 14 1 BM25
133 0 1019 15 1 BM25
133 0 950 16 1 BM25
133 0 1024 17 1 BM25
133 0 1016 18 1 BM25
133 0 1022 19 1 BM25
133 0 1030 20 1 BM25
134 0 951 1 1 BM25
134 0 1028 2 1 BM25
134 0 1012 3 1 BM25
134 0 866 4 1 BM25
134 0 1015 5 1 BM25
134 0 1017 6 1 BM25
134 0 1013 7 1 BM25
134 0 640 8 1 BM25
134 0 1023 9 1 BM25
134 0 1035 10 1 BM25
134 0 883 11 1 BM25
134 0 1014 12 1 BM25
134 0 1026 13 1 BM25
134 0 195 14 1 BM25
134 0 1024 15 1 BM25
134 0 1021 16 1 BM25
134 0 517 17 1 BM25
134 0 729 18 1 BM25
134 0 833 19 1 BM25
134 0 1029 20 1 BM25
135 0 1026 1 1 BM25
135 0 1017 2 1 BM25
135 0 951 3 1 BM25
135 0 1023 4 1 BM25
135 0 1013 5 1 BM25
135 0 1029 6 1 BM25
135 0 1012 7 1 BM25
135 0 1015 8 1 BM25
135 0 1018 9 1 BM25
135 0 1025 10 1 BM25
135 0 1024 11 1 BM25
135 0 1014 12 1 BM25
135 0 1021 13 1 BM25
135 0 1016 14 1 BM25
135 0 1019 15 1 BM25
135 0 950 16 1 BM25
135 0 1020 17 1 BM25
135 0 1028 18 1 BM25
135 0 1030 19 1 BM25
135 0 1022 20 1 BM25
136 0 951 1 1 BM25
136 0 1021 2 1 BM25
136 0 1031 3 1 BM25
136 0 140 4 1 BM25
136 0 1013 5 1 BM25
136 0 239 6 1 BM25
136 0 1026 7 1 BM25
136 0 1033 8 1 BM25
136 0 891 9 1 BM25
136 0 1017 10 1 BM25
136 0 1023 11 1 BM25
136 0 1125 12 1 BM25
136 0 139 13 1 BM25
136 0 1015 14 1 BM25
136 0 1034 15 1 BM25
136 0 1014 16 1 BM25
136 0 1012 17 1 BM25
136 0 1029 18 1 BM25
136 0 829 19 1 BM25
136 0 1028 20 1 BM25
137 0 952 1 1 BM25
137 0 1023 2 1 BM25
137 0 1026 3 1 BM25
137 0 1034 4 1 BM25
137 0 1052 5 1 BM25
137 0 1021 6 1 BM25
137 0 1024 7 1 BM25
137 0 955 8 1 BM25
137 0 767 9 1 BM25
137 0 1027 10 1 BM25
137 0 1025 11 1 BM25
137 0 836 12 1 BM25
137 0 847 13 1 BM25
137 0 1013 14 1 BM25
137 0 862 15 1 BM25
137 0 1035 16 1 BM25
137 0 853 17 1 BM25
137 0 1326 18 1 BM25
137 0 1017 19 1 BM25
137 0 1068 20 1 BM25
138 0 953 1 1 BM25
138 0 847 2 1 BM25
138 0 764 3 1 BM25
138 0 897 4 1 BM25
138 0 846 5 1 BM25
138 0 844 6 1 BM25
138 0 848 7 1 BM25
138 0 841 8 1 BM25
138 0 887 9 1 BM25
138 0 1068 10 1 BM25
138 0 740 11 1 BM25
138 0 769 12 1 BM25
138 0 1123 13 1 BM25
138 0 1038 14 1 BM25
138 0 1172 15 1 BM25
138 0 765 16 1 BM25
138 0 1034 17 1 BM25
138 0 926 18 1 BM25
138 0 851 19 1 BM25
138 0 826 20 1 BM25
139 0 847 1 1 BM25
139 0 897 2 1 BM25
139 0 764 3 1 BM25
139 0 844 4 1 BM25
139 0 826 5 1 BM25
139 0 846 6 1 BM25
139 0 953 7 1 BM25
139 0 1038 8 1 BM25
139 0 848 9 1 BM25
139 0 887 10 1 BM25
139 0 955 11 1 BM25
139 0 760 12 1 BM25
139 0 1034 13 1 BM25
139 0 1068 14 1 BM25
139 0 1172 15 1 BM25
139 0 853 16 1 BM25
139 0 743 17 1 BM25
139 0 769 18 1 BM25
139 0 926 19 1 BM25
139 0 841 20 1 BM25
140 0 954 1 1 BM25
140 0 1038 2 1 BM25
140 0 890 3 1 BM25
140 0 1202 4 1 BM25
140 0 887 5 1 BM25
140 0 1039 6 1 BM25
140 0 729 7 1 BM25
140 0 726 8 1 BM25
140 0 769 9 1 BM25
140 0 720 10 1 BM25
140 0 922 11 1 BM25
140 0 837 12 1 BM25
140 0 31 13 1 BM25
140 0 870 14 1 BM25
140 0 909 15 1 BM25
140 0 722 16 1 BM25
140 0 1015 17 1 BM25
140 0 497 18 1 BM25
140 0 75 19 1 BM25
140 0 146 20 1 BM25
141 0 1038 1 1 BM25
141 0 1043 2 1 BM25
141 0 930 3 1 BM25
141 0 852 4 1 BM25
141 0 421 5 1 BM25
141 0 889 6 1 BM25
141 0 1214 7 1 BM25
141 0 890 8 1 BM25
141 0 826 9 1 BM25
141 0 765 10 1 BM25
141 0 843 11 1 BM25
141 0 1044 12 1 BM25
141 0 498 13 1 BM25
141 0 1123 14 1 BM25
141 0 851 15 1 BM25
141 0 953 16 1 BM25
141 0 887 17 1 BM25
141 0 1135 18 1 BM25
141 0 741 19 1 BM25
141 0 885 20 1 BM25
142 0 954 1 1 BM25
142 0 887 2 1 BM25
142 0 1136 3 1 BM25
142 0 1134 4 1 BM25
142 0 741 5 1 BM25
142 0 769 6 1 BM25
142 0 827 7 1 BM25
142 0 890 8 1 BM25
142 0 1125 9 1 BM25
142 0 1135 10 1 BM25
142 0 1042 11 1 BM25
142 0 1175 12 1 BM25
142 0 1201 13 1 BM25
142 0 1039 14 1 BM25
142 0 1071 15 1 BM25
142 0 897 16 1 BM25
142 0 885 17 1 BM25
142 0 765 18 1 BM25
142 0 953 19 1 BM25
142 0 1038 20 1 BM25
143 0 1043 1 1 BM25
143 0 930 2 1 BM25
143 0 826 3 1 BM25
143 0 953 4 1 BM25
143 0 1044 5 1 BM25
143 0 1171 6 1 BM25
143 0 765 7 1 BM25
143 0 889 8 1 BM25
143 0 1174 9 1 BM25
143 0 1135 10 1 BM25
143 0 1294 11 1 BM25
143 0 890 12 1 BM25
143 0 1137 13 1 BM25
143 0 1071 14 1 BM25
143 0 1129 15 1 BM25
143 0 843 16 1 BM25
143 0 852 17 1 BM25
143 0 1068 18 1 BM25
143 0 1123 19 1 BM25
143 0 851 20 1 BM25
144 0 955 1 1 BM25
144 0 1126 2 1 BM25
144 0 839 3 1 BM25
144 0 1340 4 1 BM25
144 0 1363 5 1 BM25
144 0 1045 6 1 BM25
144 0 840 7 1 BM25
144 0 763 8 1 BM25
144 0 740 9 1 BM25
144 0 838 10 1 BM25
144 0 1178 11 1 BM25
144 0 730 12 1 BM25
144 0 1039 13 1 BM25
144 0 1022 14 1 BM25
144 0 847 15 1 BM25
144 0 1400 16 1 BM25
144 0 846 17 1 BM25
144 0 1051 18 1 BM25
144 0 856 19 1 BM25
144 0 928 20 1 BM25
145 0 1126 1 1 BM25
145 0 1051 2 1 BM25
145 0 827 3 1 BM25
145 0 641 4 1 BM25
145 0 1045 5 1 BM25
145 0 928 6 1 BM25
145 0 839 7 1 BM25
145 0 520 8 1 BM25
145 0 1130 9 1 BM25
145 0 1121 10 1 BM25
145 0 1046 11 1 BM25
145 0 838 12 1 BM25
145 0 852 13 1 BM25
145 0 1024 14 1 BM25
145 0 1171 15 1 BM25
145 0 1117 16 1 BM25
145 0 956 17 1 BM25
145 0 765 18 1 BM25
145 0 1363 19 1 BM25
145 0 955 20 1 BM25
146 0 955 1 1 BM25
146 0 1045 2 1 BM25
146 0 840 3 1 BM25
146 0 641 4 1 BM25
146 0 1175 5 1 BM25
146 0 854 6 1 BM25
146 0 730 7 1 BM25
146 0 1130 8 1 BM25
146 0 1134 9 1 BM25
146 0 1178 10 1 BM25
146 0 839 11 1 BM25
146 0 1363 12 1 BM25
146 0 1137 13 1 BM25
146 0 763 14 1 BM25
146 0 838 15 1 BM25
146 0 1176 16 1 BM25
146 0 928 17 1 BM25
146 0 932 18 1 BM25
146 0 733 19 1 BM25
146 0 740 20 1 BM25
147 0 956 1 1 BM25
147 0 1049 2 1 BM25
147 0 1050 3 1 BM25
147 0 1069 4 1 BM25
147 0 843 5 1 BM25
147 0 1171 6 1 BM25
147 0 1358 7 1 BM25
147 0 1128 8 1 BM25
147 0 1357 9 1 BM25
147 0 889 10 1 BM25
147 0 1126 11 1 BM25
147 0 1392 12 1 BM25
147 0 852 13 1 BM25
147 0 1127 14 1 BM25
147 0 1387 15 1 BM25
147 0 1119 16 1 BM25
147 0 850 17 1 BM25
147 0 888 18 1 BM25
147 0 761 19 1 BM25
147 0 392 20 1 BM25
148 0 956 1 1 BM25
148 0 1126 2 1 BM25
148 0 1048 3 1 BM25
148 0 1050 4 1 BM25
148 0 1127 5 1 BM25
148 0 928 6 1 BM25
148 0 761 7 1 BM25
148 0 827 8 1 BM25
148 0 642 9 1 BM25
148 0 823 10 1 BM25
148 0 1044 11 1 BM25
148 0 720 12 1 BM25
148 0 852 13 1 BM25
148 0 739 14 1 BM25
148 0 951 15 1 BM25
148 0 1122 16 1 BM25
148 0 1015 17 1 BM25
148 0 744 18 1 BM25
148 0 1117 19 1 BM25
148 0 1021 20 1 BM25
149 0 930 1 1 BM25
149 0 1070 2 1 BM25
149 0 1058 3 1 BM25
149 0 926 4 1 BM25
149 0 1068 5 1 BM25
149 0 931 6 1 BM25
149 0 1053 7 1 BM25
149 0 1059 8 1 BM25
149 0 1363 9 1 BM25
149 0 936 10 1 BM25
149 0 957 11 1 BM25
149 0 852 12 1 BM25
149 0 937 13 1 BM25
149 0 1361 14 1 BM25
149 0 136 15 1 BM25
149 0 898 16 1 BM25
149 0 935 17 1 BM25
149 0 743 18 1 BM25
149 0 1044 19 1 BM25
149 0 1024 20 1 BM25
150 0 1062 1 1 BM25
150 0 1074 2 1 BM25
150 0 1075 3 1 BM25
150 0 1243 4 1 BM25
150 0 1202 5 1 BM25
150 0 923 6 1 BM25
150 0 924 7 1 BM25
150 0 799 8 1 BM25
150 0 803 9 1 BM25
150 0 124 10 1 BM25
150 0 970 11 1 BM25
150 0 809 12 1 BM25
150 0 672 13 1 BM25
150 0 252 14 1 BM25
150 0 1259 15 1 BM25
150 0 230 16 1 BM25
150 0 696 17 1 BM25
150 0 593 18 1 BM25
150 0 1272 19 1 BM25
150 0 791 20 1 BM25
151 0 433 1 1 BM25
151 0 251 2 1 BM25
151 0 1333 3 1 BM25
151 0 1246 4 1 BM25
151 0 101 5 1 BM25
151 0 678 6 1 BM25
151 0 287 7 1 BM25
151 0 1062 8 1 BM25
151 0 465 9 1 BM25
151 0 676 10 1 BM25
151 0 222 11 1 BM25
151 0 950 12 1 BM25
151 0 289 13 1 BM25
151 0 464 14 1 BM25
151 0 52 15 1 BM25
151 0 225 16 1 BM25
151 0 1229 17 1 BM25
151 0 677 18 1 BM25
151 0 1289 19 1 BM25
151 0 206 20 1 BM25
152 0 671 1 1 BM25
152 0 1225 2 1 BM25
152 0 696 3 1 BM25
152 0 1362 4 1 BM25
152 0 1339 5 1 BM25
152 0 336 6 1 BM25
152 0 683 7 1 BM25
152 0 189 8 1 BM25
152 0 205 9 1 BM25
152 0 333 10 1 BM25
152 0 970 11 1 BM25
152 0 794 12 1 BM25
152 0 1064 13 1 BM25
152 0 284 14 1 BM25
152 0 250 15 1 BM25
152 0 678 16 1 BM25
152 0 673 17 1 BM25
152 0 76 18 1 BM25
152 0 924 19 1 BM25
152 0 896 20 1 BM25
153 0 1063 1 1 BM25
153 0 1082 2 1 BM25
153 0 1085 3 1 BM25
153 0 1081 4 1 BM25
153 0 1088 5 1 BM25
153 0 394 6 1 BM25
153 0 1053 7 1 BM25
153 0 393 8 1 BM25
153 0 1235 9 1 BM25
153 0 323 10 1 BM25
153 0 300 11 1 BM25
153 0 349 12 1 BM25
153 0 111 13 1 BM25
153 0 584 14 1 BM25
153 0 117 15 1 BM25
153 0 1389 16 1 BM25
153 0 943 17 1 BM25
153 0 329 18 1 BM25
153 0 422 19 1 BM25
153 0 266 20 1 BM25
154 0 1088 1 1 BM25
154 0 832 2 1 BM25
154 0 1087 3 1 BM25
154 0 1086 4 1 BM25
154 0 1054 5 1 BM25
154 0 111 6 1 BM25
154 0 1063 7 1 BM25
154 0 1108 8 1 BM25
154 0 1053 9 1 BM25
154 0 15 10 1 BM25
154 0 730 11 1 BM25
154 0 785 12 1 BM25
154 0 1262 13 1 BM25
154 0 351 14 1 BM25
154 0 584 15 1 BM25
154 0 827 16 1 BM25
154 0 159 17 1 BM25
154 0 1389 18 1 BM25
154 0 987 19 1 BM25
154 0 479 20 1 BM25
155 0 1101 1 1 BM25
155 0 1065 2 1 BM25
155 0 553 3 1 BM25
155 0 806 4 1 BM25
155 0 805 5 1 BM25
155 0 1096 6 1 BM25
155 0 1099 7 1 BM25
155 0 1097 8 1 BM25
155 0 1100 9 1 BM25
155 0 804 10 1 BM25
155 0 76 11 1 BM25
155 0 968 12 1 BM25
155 0 781 13 1 BM25
155 0 1098 14 1 BM25
155 0 1241 15 1 BM25
155 0 82 16 1 BM25
155 0 1279 17 1 BM25
155 0 1226 18 1 BM25
155 0 705 19 1 BM25
155 0 1090 20 1 BM25
156 0 1096 1 1 BM25
156 0 1097 2 1 BM25
156 0 553 3 1 BM25
156 0 1099 4 1 BM25
156 0 1100 5 1 BM25
156 0 1098 6 1 BM25
156 0 1065 7 1 BM25
156 0 1279 8 1 BM25
156 0 1117 9 1 BM25
156 0 82 10 1 BM25
156 0 818 11 1 BM25
156 0 1015 12 1 BM25
156 0 761 13 1 BM25
156 0 866 14 1 BM25
156 0 1025 15 1 BM25
156 0 274 16 1 BM25
156 0 403 17 1 BM25
156 0 462 18 1 BM25
156 0 534 19 1 BM25
156 0 1302 20 1 BM25
157 0 160 1 1 BM25
157 0 25 2 1 BM25
157 0 1006 3 1 BM25
157 0 1391 4 1 BM25
157 0 556 5 1 BM25
157 0 456 6 1 BM25
157 0 1179 7 1 BM25
157 0 122 8 1 BM25
157 0 370 9 1 BM25
157 0 946 10 1 BM25
157 0 1393 11 1 BM25
157 0 373 12 1 BM25
157 0 576 13 1 BM25
157 0 20 14 1 BM25
157 0 232 15 1 BM25
157 0 608 16 1 BM25
157 0 571 17 1 BM25
157 0 1224 18 1 BM25
157 0 1201 19 1 BM25
157 0 1281 20 1 BM25
158 0 302 1 1 BM25
158 0 1269 2 1 BM25
158 0 421 3 1 BM25
158 0 405 4 1 BM25
158 0 691 5 1 BM25
158 0 1098 6 1 BM25
158 0 949 7 1 BM25
158 0 1199 8 1 BM25
158 0 524 9 1 BM25
158 0 1263 10 1 BM25
158 0 1011 11 1 BM25
158 0 616 12 1 BM25
158 0 609 13 1 BM25
158 0 1336 14 1 BM25
158 0 259 15 1 BM25
158 0 1010 16 1 BM25
158 0 1298 17 1 BM25
158 0 1101 18 1 BM25
158 0 1335 19 1 BM25
158 0 328 20 1 BM25
159 0 1066 1 1 BM25
159 0 1197 2 1 BM25
159 0 1339 3 1 BM25
159 0 1259 4 1 BM25
159 0 42 5 1 BM25
159 0 1115 6 1 BM25
159 0 846 7 1 BM25
159 0 801 8 1 BM25
159 0 1112 9 1 BM25
159 0 716 10 1 BM25
159 0 969 11 1 BM25
159 0 958 12 1 BM25
159 0 1035 13 1 BM25
159 0 802 14 1 BM25
159 0 849 15 1 BM25
159 0 52 16 1 BM25
159 0 273 17 1 BM25
159 0 1287 18 1 BM25
159 0 1321 19 1 BM25
159 0 749 20 1 BM25
160 0 1071 1 1 BM25
160 0 1134 2 1 BM25
160 0 741 3 1 BM25
160 0 885 4 1 BM25
160 0 887 5 1 BM25
160 0 890 6 1 BM25
160 0 1172 7 1 BM25
160 0 769 8 1 BM25
160 0 740 9 1 BM25
160 0 763 10 1 BM25
160 0 739 11 1 BM25
160 0 1126 12 1 BM25
160 0 1037 13 1 BM25
160 0 1173 14 1 BM25
160 0 897 15 1 BM25
160 0 1052 16 1 BM25
160 0 743 17 1 BM25
160 0 1068 18 1 BM25
160 0 839 19 1 BM25
160 0 889 20 1 BM25
161 0 1386 1 1 BM25
161 0 54 2 1 BM25
161 0 55 3 1 BM25
161 0 460 4 1 BM25
161 0 240 5 1 BM25
161 0 145 6 1 BM25
161 0 366 7 1 BM25
161 0 1192 8 1 BM25
161 0 784 9 1 BM25
161 0 314 10 1 BM25
161 0 461 11 1 BM25
161 0 489 12 1 BM25
161 0 1185 13 1 BM25
161 0 62 14 1 BM25
161 0 1382 15 1 BM25
161 0 1182 16 1 BM25
161 0 1366 17 1 BM25
161 0 962 18 1 BM25
161 0 72 19 1 BM25
161 0 306 20 1 BM25
162 0 55 1 1 BM25
162 0 460 2 1 BM25
162 0 240 3 1 BM25
162 0 366 4 1 BM25
162 0 54 5 1 BM25
162 0 1386 6 1 BM25
162 0 1182 7 1 BM25
162 0 489 8 1 BM25
162 0 145 9 1 BM25
162 0 559 10 1 BM25
162 0 62 11 1 BM25
162 0 292 12 1 BM25
162 0 365 13 1 BM25
162 0 306 14 1 BM25
162 0 461 15 1 BM25
162 0 784 16 1 BM25
162 0 1366 17 1 BM25
162 0 562 18 1 BM25
162 0 1383 19 1 BM25
162 0 959 20 1 BM25
163 0 492 1 1 BM25
163 0 232 2 1 BM25
163 0 56 3 1 BM25
163 0 57 4 1 BM25
163 0 373 5 1 BM25
163 0 1231 6 1 BM25
163 0 688 7 1 BM25
163 0 124 8 1 BM25
163 0 37 9 1 BM25
163 0 434 10 1 BM25
163 0 27 11 1 BM25
163 0 359 12 1 BM25
163 0 1307 13 1 BM25
163 0 567 14 1 BM25
163 0 1040 15 1 BM25
163 0 1218 16 1 BM25
163 0 234 17 1 BM25
163 0 48 18 1 BM25
163 0 305 19 1 BM25
163 0 973 20 1 BM25
164 0 311 1 1 BM25
164 0 415 2 1 BM25
164 0 316 3 1 BM25
164 0 265 4 1 BM25
164 0 503 5 1 BM25
164 0 416 6 1 BM25
164 0 1187 7 1 BM25
164 0 793 8 1 BM25
164 0 1287 9 1 BM25
164 0 996 10 1 BM25
164 0 1239 11 1 BM25
164 0 457 12 1 BM25
164 0 651 13 1 BM25
164 0 196 14 1 BM25
164 0 1220 15 1 BM25
164 0 111 16 1 BM25
164 0 757 17 1 BM25
164 0 187 18 1 BM25
164 0 675 19 1 BM25
164 0 460 20 1 BM25
165 0 504 1 1 BM25
165 0 71 2 1 BM25
165 0 209 3 1 BM25
165 0 72 4 1 BM25
165 0 569 5 1 BM25
165 0 1276 6 1 BM25
165 0 417 7 1 BM25
165 0 491 8 1 BM25
165 0 335 9 1 BM25
165 0 978 10 1 BM25
165 0 1375 11 1 BM25
165 0 890 12 1 BM25
165 0 1268 13 1 BM25
165 0 64 14 1 BM25
165 0 410 15 1 BM25
165 0 112 16 1 BM25
165 0 1302 17 1 BM25
165 0 54 18 1 BM25
165 0 1220 19 1 BM25
165 0 308 20 1 BM25
166 0 504 1 1 BM25
166 0 209 2 1 BM25
166 0 71 3 1 BM25
166 0 1276 4 1 BM25
166 0 569 5 1 BM25
166 0 1302 6 1 BM25
166 0 72 7 1 BM25
166 0 663 8 1 BM25
166 0 207 9 1 BM25
166 0 334 10 1 BM25
166 0 55 11 1 BM25
166 0 1171 12 1 BM25
166 0 256 13 1 BM25
166 0 142 14 1 BM25
166 0 1356 15 1 BM25
166 0 1322 16 1 BM25
166 0 1321 17 1 BM25
166 0 1173 18 1 BM25
166 0 1228 19 1 BM25
166 0 296 20 1 BM25
167 0 1279 1 1 BM25
167 0 553 2 1 BM25
167 0 274 3 1 BM25
167 0 82 4 1 BM25
167 0 1100 5 1 BM25
167 0 1096 6 1 BM25
167 0 1098 7 1 BM25
167 0 1097 8 1 BM25
167 0 1099 9 1 BM25
167 0 1065 10 1 BM25
167 0 1226 11 1 BM25
167 0 1043 12 1 BM25
167 0 1241 13 1 BM25
167 0 981 14 1 BM25
167 0 1101 15 1 BM25
167 0 1157 16 1 BM25
167 0 1158 17 1 BM25
167 0 540 18 1 BM25
167 0 1147 19 1 BM25
167 0 603 20 1 BM25
168 0 750 1 1 BM25
168 0 118 2 1 BM25
168 0 341 3 1 BM25
168 0 965 4 1 BM25
168 0 157 5 1 BM25
168 0 217 6 1 BM25
168 0 127 7 1 BM25
168 0 136 8 1 BM25
168 0 172 9 1 BM25
168 0 696 10 1 BM25
168 0 213 11 1 BM25
168 0 694 12 1 BM25
168 0 591 13 1 BM25
168 0 301 14 1 BM25
168 0 656 15 1 BM25
168 0 221 16 1 BM25
168 0 1187 17 1 BM25
168 0 970 18 1 BM25
168 0 1230 19 1 BM25
168 0 575 20 1 BM25
169 0 750 1 1 BM25
169 0 118 2 1 BM25
169 0 341 3 1 BM25
169 0 157 4 1 BM25
169 0 965 5 1 BM25
169 0 217 6 1 BM25
169 0 127 7 1 BM25
169 0 472 8 1 BM25
169 0 136 9 1 BM25
169 0 213 10 1 BM25
169 0 970 11 1 BM25
169 0 694 12 1 BM25
169 0 172 13 1 BM25
169 0 166 14 1 BM25
169 0 774 15 1 BM25
169 0 1366 16 1 BM25
169 0 529 17 1 BM25
169 0 218 18 1 BM25
169 0 591 19 1 BM25
169 0 276 20 1 BM25
170 0 238 1 1 BM25
170 0 893 2 1 BM25
170 0 239 3 1 BM25
170 0 904 4 1 BM25
170 0 1082 5 1 BM25
170 0 223 6 1 BM25
170 0 905 7 1 BM25
170 0 165 8 1 BM25
170 0 139 9 1 BM25
170 0 272 10 1 BM25
170 0 315 11 1 BM25
170 0 10 12 1 BM25
170 0 48 13 1 BM25
170 0 1394 14 1 BM25
170 0 1264 15 1 BM25
170 0 175 16 1 BM25
170 0 1315 17 1 BM25
170 0 1205 18 1 BM25
170 0 189 19 1 BM25
170 0 745 20 1 BM25
171 0 431 1 1 BM25
171 0 516 2 1 BM25
171 0 141 3 1 BM25
171 0 904 4 1 BM25
171 0 1155 5 1 BM25
171 0 755 6 1 BM25
171 0 594 7 1 BM25
171 0 631 8 1 BM25
171 0 598 9 1 BM25
171 0 714 10 1 BM25
171 0 808 11 1 BM25
171 0 812 12 1 BM25
171 0 184 13 1 BM25
171 0 280 14 1 BM25
171 0 1004 15 1 BM25
171 0 188 16 1 BM25
171 0 800 17 1 BM25
171 0 252 18 1 BM25
171 0 1204 19 1 BM25
171 0 196 20 1 BM25
172 0 527 1 1 BM25
172 0 320 2 1 BM25
172 0 322 3 1 BM25
172 0 321 4 1 BM25
172 0 476 5 1 BM25
172 0 107 6 1 BM25
172 0 478 7 1 BM25
172 0 1370 8 1 BM25
172 0 1235 9 1 BM25
172 0 1251 10 1 BM25
172 0 23 11 1 BM25
172 0 72 12 1 BM25
172 0 452 13 1 BM25
172 0 734 14 1 BM25
172 0 425 15 1 BM25
172 0 551 16 1 BM25
172 0 934 17 1 BM25
172 0 417 18 1 BM25
172 0 540 19 1 BM25
172 0 981 20 1 BM25
173 0 367 1 1 BM25
173 0 451 2 1 BM25
173 0 532 3 1 BM25
173 0 917 4 1 BM25
173 0 767 5 1 BM25
173 0 1067 6 1 BM25
173 0 1320 7 1 BM25
173 0 759 8 1 BM25
173 0 916 9 1 BM25
173 0 813 10 1 BM25
173 0 934 11 1 BM25
173 0 1047 12 1 BM25
173 0 931 13 1 BM25
173 0 956 14 1 BM25
173 0 777 15 1 BM25
173 0 548 16 1 BM25
173 0 351 17 1 BM25
173 0 1392 18 1 BM25
173 0 817 19 1 BM25
173 0 155 20 1 BM25
174 0 483 1 1 BM25
174 0 523 2 1 BM25
174 0 1157 3 1 BM25
174 0 411 4 1 BM25
174 0 35 5 1 BM25
174 0 1390 6 1 BM25
174 0 1319 7 1 BM25
174 0 501 8 1 BM25
174 0 1274 9 1 BM25
174 0 1151 10 1 BM25
174 0 1264 11 1 BM25
174 0 1389 12 1 BM25
174 0 482 13 1 BM25
174 0 1257 14 1 BM25
174 0 1198 15 1 BM25
174 0 1216 16 1 BM25
174 0 1204 17 1 BM25
174 0 1156 18 1 BM25
174 0 37 19 1 BM25
174 0 572 20 1 BM25
175 0 941 1 1 BM25
175 0 1221 2 1 BM25
175 0 139 3 1 BM25
175 0 491 4 1 BM25
175 0 34 5 1 BM25
175 0 1082 6 1 BM25
175 0 238 7 1 BM25
175 0 270 8 1 BM25
175 0 1080 9 1 BM25
175 0 1222 10 1 BM25
175 0 112 11 1 BM25
175 0 666 12 1 BM25
175 0 351 13 1 BM25
175 0 1394 14 1 BM25
175 0 668 15 1 BM25
175 0 417 16 1 BM25
175 0 670 17 1 BM25
175 0 338 18 1 BM25
175 0 413 19 1 BM25
175 0 315 20 1 BM25
176 0 542 1 1 BM25
176 0 963 2 1 BM25
176 0 869 3 1 BM25
176 0 5 4 1 BM25
176 0 1221 5 1 BM25
176 0 872 6 1 BM25
176 0 606 7 1 BM25
176 0 1100 8 1 BM25
176 0 497 9 1 BM25
176 0 586 10 1 BM25
176 0 30 11 1 BM25
176 0 587 12 1 BM25
176 0 500 13 1 BM25
176 0 1375 14 1 BM25
176 0 6 15 1 BM25
176 0 339 16 1 BM25
176 0 581 17 1 BM25
176 0 978 18 1 BM25
176 0 767 19 1 BM25
176 0 1207 20 1 BM25
177 0 589 1 1 BM25
177 0 588 2 1 BM25
177 0 543 3 1 BM25
177 0 576 4 1 BM25
177 0 590 5 1 BM25
177 0 138 6 1 BM25
177 0 592 7 1 BM25
177 0 426 8 1 BM25
177 0 216 9 1 BM25
177 0 578 10 1 BM25
177 0 772 11 1 BM25
177 0 214 12 1 BM25
177 0 1111 13 1 BM25
177 0 1034 14 1 BM25
177 0 591 15 1 BM25
177 0 444 16 1 BM25
177 0 213 17 1 BM25
177 0 642 18 1 BM25
177 0 237 19 1 BM25
177 0 441 20 1 BM25
178 0 591 1 1 BM25
178 0 236 2 1 BM25
178 0 543 3 1 BM25
178 0 426 4 1 BM25
178 0 589 5 1 BM25
178 0 138 6 1 BM25
178 0 592 7 1 BM25
178 0 31 8 1 BM25
178 0 590 9 1 BM25
178 0 216 10 1 BM25
178 0 511 11 1 BM25
178 0 984 12 1 BM25
178 0 387 13 1 BM25
178 0 1209 14 1 BM25
178 0 1171 15 1 BM25
178 0 221 16 1 BM25
178 0 1155 17 1 BM25
178 0 772 18 1 BM25
178 0 827 19 1 BM25
178 0 1153 20 1 BM25
179 0 680 1 1 BM25
179 0 579 2 1 BM25
179 0 1280 3 1 BM25
179 0 930 4 1 BM25
179 0 633 5 1 BM25
179 0 682 6 1 BM25
179 0 918 7 1 BM25
179 0 1267 8 1 BM25
179 0 1271 9 1 BM25
179 0 200 10 1 BM25
179 0 1376 11 1 BM25
179 0 961 12 1 BM25
179 0 705 13 1 BM25
179 0 428 14 1 BM25
179 0 706 15 1 BM25
179 0 1343 16 1 BM25
179 0 452 17 1 BM25
179 0 250 18 1 BM25
179 0 224 19 1 BM25
179 0 379 20 1 BM25
180 0 548 1 1 BM25
180 0 622 2 1 BM25
180 0 616 3 1 BM25
180 0 617 4 1 BM25
180 0 882 5 1 BM25
180 0 719 6 1 BM25
180 0 1391 7 1 BM25
180 0 218 8 1 BM25
180 0 1103 9 1 BM25
180 0 620 10 1 BM25
180 0 1150 11 1 BM25
180 0 1324 12 1 BM25
180 0 401 13 1 BM25
180 0 621 14 1 BM25
180 0 969 15 1 BM25
180 0 613 16 1 BM25
180 0 618 17 1 BM25
180 0 805 18 1 BM25
180 0 1000 19 1 BM25
180 0 314 20 1 BM25
181 0 997 1 1 BM25
181 0 993 2 1 BM25
181 0 1350 3 1 BM25
181 0 131 4 1 BM25
181 0 696 5 1 BM25
181 0 1075 6 1 BM25
181 0 970 7 1 BM25
181 0 1074 8 1 BM25
181 0 176 9 1 BM25
181 0 409 10 1 BM25
181 0 1243 11 1 BM25
181 0 243 12 1 BM25
181 0 1093 13 1 BM25
181 0 1062 14 1 BM25
181 0 610 15 1 BM25
181 0 695 16 1 BM25
181 0 1292 17 1 BM25
181 0 1352 18 1 BM25
181 0 971 19 1 BM25
181 0 725 20 1 BM25
182 0 634 1 1 BM25
182 0 685 2 1 BM25
182 0 686 3 1 BM25
182 0 1338 4 1 BM25
182 0 593 5 1 BM25
182 0 1339 6 1 BM25
182 0 856 7 1 BM25
182 0 39 8 1 BM25
182 0 70 9 1 BM25
182 0 1107 10 1 BM25
182 0 1341 11 1 BM25
182 0 701 12 1 BM25
182 0 1218 13 1 BM25
182 0 857 14 1 BM25
182 0 204 15 1 BM25
182 0 193 16 1 BM25
182 0 26 17 1 BM25
182 0 1290 18 1 BM25
182 0 749 19 1 BM25
182 0 444 20 1 BM25
183 0 804 1 1 BM25
183 0 1243 2 1 BM25
183 0 811 3 1 BM25
183 0 808 4 1 BM25
183 0 1226 5 1 BM25
183 0 806 6 1 BM25
183 0 88 7 1 BM25
183 0 805 8 1 BM25
183 0 1247 9 1 BM25
183 0 883 10 1 BM25
183 0 39 11 1 BM25
183 0 1177 12 1 BM25
183 0 268 13 1 BM25
183 0 253 14 1 BM25
183 0 810 15 1 BM25
183 0 993 16 1 BM25
183 0 409 17 1 BM25
183 0 71 18 1 BM25
183 0 1203 19 1 BM25
183 0 997 20 1 BM25
184 0 716 1 1 BM25
184 0 554 2 1 BM25
184 0 708 3 1 BM25
184 0 711 4 1 BM25
184 0 815 5 1 BM25
184 0 1217 6 1 BM25
184 0 1219 7 1 BM25
184 0 82 8 1 BM25
184 0 1097 9 1 BM25
184 0 1286 10 1 BM25
184 0 713 11 1 BM25
184 0 1279 12 1 BM25
184 0 207 13 1 BM25
184 0 509 14 1 BM25
184 0 709 15 1 BM25
184 0 515 16 1 BM25
184 0 978 17 1 BM25
184 0 77 18 1 BM25
184 0 618 19 1 BM25
184 0 639 20 1 BM25
185 0 856 1 1 BM25
185 0 857 2 1 BM25
185 0 766 3 1 BM25
185 0 1008 4 1 BM25
185 0 858 5 1 BM25
185 0 859 6 1 BM25
185 0 658 7 1 BM25
185 0 390 8 1 BM25
185 0 391 9 1 BM25
185 0 864 10 1 BM25
185 0 948 11 1 BM25
185 0 285 12 1 BM25
185 0 627 13 1 BM25
185 0 894 14 1 BM25
185 0 15 15 1 BM25
185 0 911 16 1 BM25
185 0 899 17 1 BM25
185 0 686 18 1 BM25
185 0 1290 19 1 BM25
185 0 914 20 1 BM25
186 0 1243 1 1 BM25
186 0 1062 2 1 BM25
186 0 1075 3 1 BM25
186 0 1074 4 1 BM25
186 0 923 5 1 BM25
186 0 803 6 1 BM25
186 0 230 7 1 BM25
186 0 924 8 1 BM25
186 0 1239 9 1 BM25
186 0 809 10 1 BM25
186 0 557 11 1 BM25
186 0 252 12 1 BM25
186 0 432 13 1 BM25
186 0 610 14 1 BM25
186 0 753 15 1 BM25
186 0 993 16 1 BM25
186 0 433 17 1 BM25
186 0 229 18 1 BM25
186 0 60 19 1 BM25
186 0 520 20 1 BM25
187 0 763 1 1 BM25
187 0 839 2 1 BM25
187 0 1126 3 1 BM25
187 0 838 4 1 BM25
187 0 1171 5 1 BM25
187 0 743 6 1 BM25
187 0 1071 7 1 BM25
187 0 1068 8 1 BM25
187 0 1052 9 1 BM25
187 0 887 10 1 BM25
187 0 936 11 1 BM25
187 0 831 12 1 BM25
187 0 1177 13 1 BM25
187 0 1172 14 1 BM25
187 0 760 15 1 BM25
187 0 841 16 1 BM25
187 0 953 17 1 BM25
187 0 1051 18 1 BM25
187 0 764 19 1 BM25
187 0 846 20 1 BM25
188 0 725 1 1 BM25
188 0 640 2 1 BM25
188 0 722 3 1 BM25
188 0 720 4 1 BM25
188 0 908 5 1 BM25
188 0 909 6 1 BM25
188 0 911 7 1 BM25
188 0 729 8 1 BM25
188 0 102 9 1 BM25
188 0 1360 10 1 BM25
188 0 764 11 1 BM25
188 0 220 12 1 BM25
188 0 29 13 1 BM25
188 0 1279 14 1 BM25
188 0 209 15 1 BM25
188 0 1270 16 1 BM25
188 0 781 17 1 BM25
188 0 78 18 1 BM25
188 0 740 19 1 BM25
188 0 186 20 1 BM25
189 0 767 1 1 BM25
189 0 640 2 1 BM25
189 0 883 3 1 BM25
189 0 870 4 1 BM25
189 0 881 5 1 BM25
189 0 907 6 1 BM25
189 0 726 7 1 BM25
189 0 909 8 1 BM25
189 0 1334 9 1 BM25
189 0 925 10 1 BM25
189 0 833 11 1 BM25
189 0 1057 12 1 BM25
189 0 727 13 1 BM25
189 0 314 14 1 BM25
189 0 732 15 1 BM25
189 0 1360 16 1 BM25
189 0 724 17 1 BM25
189 0 498 18 1 BM25
189 0 75 19 1 BM25
189 0 1332 20 1 BM25
190 0 390 1 1 BM25
190 0 856 2 1 BM25
190 0 15 3 1 BM25
190 0 1339 4 1 BM25
190 0 627 5 1 BM25
190 0 52 6 1 BM25
190 0 391 7 1 BM25
190 0 769 8 1 BM25
190 0 1008 9 1 BM25
190 0 728 10 1 BM25
190 0 948 11 1 BM25
190 0 911 12 1 BM25
190 0 723 13 1 BM25
190 0 1111 14 1 BM25
190 0 1069 15 1 BM25
190 0 1322 16 1 BM25
190 0 1066 17 1 BM25
190 0 895 18 1 BM25
190 0 857 19 1 BM25
190 0 766 20 1 BM25
191 0 827 1 1 BM25
191 0 894 2 1 BM25
191 0 627 3 1 BM25
191 0 658 4 1 BM25
191 0 15 5 1 BM25
191 0 1392 6 1 BM25
191 0 856 7 1 BM25
191 0 541 8 1 BM25
191 0 1008 9 1 BM25
191 0 75 10 1 BM25
191 0 857 11 1 BM25
191 0 766 12 1 BM25
191 0 859 13 1 BM25
191 0 858 14 1 BM25
191 0 899 15 1 BM25
191 0 391 16 1 BM25
191 0 1242 17 1 BM25
191 0 864 18 1 BM25
191 0 948 19 1 BM25
191 0 914 20 1 BM25
192 0 641 1 1 BM25
192 0 734 2 1 BM25
192 0 733 3 1 BM25
192 0 735 4 1 BM25
192 0 925 5 1 BM25
192 0 647 6 1 BM25
192 0 1175 7 1 BM25
192 0 875 8 1 BM25
192 0 730 9 1 BM25
192 0 850 10 1 BM25
192 0 1084 11 1 BM25
192 0 1170 12 1 BM25
192 0 888 13 1 BM25
192 0 1178 14 1 BM25
192 0 1399 15 1 BM25
192 0 1173 16 1 BM25
192 0 648 17 1 BM25
192 0 1234 18 1 BM25
192 0 159 19 1 BM25
192 0 386 20 1 BM25
193 0 730 1 1 BM25
193 0 733 2 1 BM25
193 0 734 3 1 BM25
193 0 422 4 1 BM25
193 0 641 5 1 BM25
193 0 648 6 1 BM25
193 0 736 7 1 BM25
193 0 735 8 1 BM25
193 0 400 9 1 BM25
193 0 424 10 1 BM25
193 0 1392 11 1 BM25
193 0 425 12 1 BM25
193 0 1053 13 1 BM25
193 0 145 14 1 BM25
193 0 647 15 1 BM25
193 0 1396 16 1 BM25
193 0 15 17 1 BM25
193 0 644 18 1 BM25
193 0 1387 19 1 BM25
193 0 266 20 1 BM25
194 0 642 1 1 BM25
194 0 932 2 1 BM25
194 0 744 3 1 BM25
194 0 1172 4 1 BM25
194 0 1126 5 1 BM25
194 0 1173 6 1 BM25
194 0 888 7 1 BM25
194 0 957 8 1 BM25
194 0 1178 9 1 BM25
194 0 769 10 1 BM25
194 0 1177 11 1 BM25
194 0 740 12 1 BM25
194 0 1117 13 1 BM25
194 0 1116 14 1 BM25
194 0 1122 15 1 BM25
194 0 956 16 1 BM25
194 0 1359 17 1 BM25
194 0 1131 18 1 BM25
194 0 897 19 1 BM25
194 0 1051 20 1 BM25
195 0 642 1 1 BM25
195 0 932 2 1 BM25
195 0 831 3 1 BM25
195 0 744 4 1 BM25
195 0 1173 5 1 BM25
195 0 1126 6 1 BM25
195 0 1172 7 1 BM25
195 0 769 8 1 BM25
195 0 824 9 1 BM25
195 0 1055 10 1 BM25
195 0 1178 11 1 BM25
195 0 888 12 1 BM25
195 0 1122 13 1 BM25
195 0 739 14 1 BM25
195 0 1116 15 1 BM25
195 0 863 16 1 BM25
195 0 740 17 1 BM25
195 0 928 18 1 BM25
195 0 1145 19 1 BM25
195 0 1117 20 1 BM25
196 0 746 1 1 BM25
196 0 486 2 1 BM25
196 0 1237 3 1 BM25
196 0 1361 4 1 BM25
196 0 12 5 1 BM25
196 0 875 6 1 BM25
196 0 51 7 1 BM25
196 0 14 8 1 BM25
196 0 1323 9 1 BM25
196 0 102 10 1 BM25
196 0 284 11 1 BM25
196 0 390 12 1 BM25
196 0 13 13 1 BM25
196 0 1281 14 1 BM25
196 0 1008 15 1 BM25
196 0 1263 16 1 BM25
196 0 966 17 1 BM25
196 0 549 18 1 BM25
196 0 552 19 1 BM25
196 0 349 20 1 BM25
197 0 884 1 1 BM25
197 0 723 2 1 BM25
197 0 881 3 1 BM25
197 0 726 4 1 BM25
197 0 768 5 1 BM25
197 0 909 6 1 BM25
197 0 865 7 1 BM25
197 0 720 8 1 BM25
197 0 882 9 1 BM25
197 0 1168 10 1 BM25
197 0 640 11 1 BM25
197 0 883 12 1 BM25
197 0 767 13 1 BM25
197 0 724 14 1 BM25
197 0 1312 15 1 BM25
197 0 75 16 1 BM25
197 0 927 17 1 BM25
197 0 1236 18 1 BM25
197 0 727 19 1 BM25
197 0 867 20 1 BM25
198 0 889 1 1 BM25
198 0 1068 2 1 BM25
198 0 740 3 1 BM25
198 0 743 4 1 BM25
198 0 887 5 1 BM25
198 0 886 6 1 BM25
198 0 1126 7 1 BM25
198 0 1174 8 1 BM25
198 0 739 9 1 BM25
198 0 843 10 1 BM25
198 0 890 11 1 BM25
198 0 897 12 1 BM25
198 0 1051 13 1 BM25
198 0 1172 14 1 BM25
198 0 769 15 1 BM25
198 0 1117 16 1 BM25
198 0 885 17 1 BM25
198 0 741 18 1 BM25
198 0 1052 19 1 BM25
198 0 1027 20 1 BM25
199 0 930 1 1 BM25
199 0 1059 2 1 BM25
199 0 1058 3 1 BM25
199 0 739 4 1 BM25
199 0 743 5 1 BM25
199 0 1070 6 1 BM25
199 0 1361 7 1 BM25
199 0 830 8 1 BM25
199 0 931 9 1 BM25
199 0 1053 10 1 BM25
199 0 833 11 1 BM25
199 0 1362 12 1 BM25
199 0 827 13 1 BM25
199 0 744 14 1 BM25
199 0 1294 15 1 BM25
199 0 1091 16 1 BM25
199 0 852 17 1 BM25
199 0 863 18 1 BM25
199 0 937 19 1 BM25
199 0 898 20 1 BM25
200 0 1071 1 1 BM25
200 0 1134 2 1 BM25
200 0 1053 3 1 BM25
200 0 1137 4 1 BM25
200 0 1043 5 1 BM25
200 0 889 6 1 BM25
200 0 54 7 1 BM25
200 0 322 8 1 BM25
200 0 1375 9 1 BM25
200 0 1068 10 1 BM25
200 0 1138 11 1 BM25
200 0 1044 12 1 BM25
200 0 843 13 1 BM25
200 0 851 14 1 BM25
200 0 165 15 1 BM25
200 0 128 16 1 BM25
200 0 826 17 1 BM25
200 0 1362 18 1 BM25
200 0 1136 19 1 BM25
200 0 885 20 1 BM25
201 0 625 1 1 BM25
201 0 1296 2 1 BM25
201 0 401 3 1 BM25
201 0 1297 4 1 BM25
201 0 541 5 1 BM25
201 0 410 6 1 BM25
201 0 1189 7 1 BM25
201 0 1279 8 1 BM25
201 0 576 9 1 BM25
201 0 24 10 1 BM25
201 0 815 11 1 BM25
201 0 1295 12 1 BM25
201 0 708 13 1 BM25
201 0 1299 14 1 BM25
201 0 318 15 1 BM25
201 0 716 16 1 BM25
201 0 574 17 1 BM25
201 0 1217 18 1 BM25
201 0 1151 19 1 BM25
201 0 1219 20 1 BM25
202 0 1285 1 1 BM25
202 0 1310 2 1 BM25
202 0 232 3 1 BM25
202 0 1309 4 1 BM25
202 0 186 5 1 BM25
202 0 1231 6 1 BM25
202 0 294 7 1 BM25
202 0 122 8 1 BM25
202 0 605 9 1 BM25
202 0 1356 10 1 BM25
202 0 1311 11 1 BM25
202 0 497 12 1 BM25
202 0 252 13 1 BM25
202 0 411 14 1 BM25
202 0 467 15 1 BM25
202 0 19 16 1 BM25
202 0 36 17 1 BM25
202 0 56 18 1 BM25
202 0 957 19 1 BM25
202 0 981 20 1 BM25
203 0 1285 1 1 BM25
203 0 58 2 1 BM25
203 0 1308 3 1 BM25
203 0 38 4 1 BM25
203 0 1231 5 1 BM25
203 0 225 6 1 BM25
203 0 1310 7 1 BM25
203 0 370 8 1 BM25
203 0 1262 9 1 BM25
203 0 122 10 1 BM25
203 0 546 11 1 BM25
203 0 294 12 1 BM25
203 0 48 13 1 BM25
203 0 423 14 1 BM25
203 0 940 15 1 BM25
203 0 359 16 1 BM25
203 0 411 17 1 BM25
203 0 1074 18 1 BM25
203 0 626 19 1 BM25
203 0 999 20 1 BM25
204 0 147 1 1 BM25
204 0 1080 2 1 BM25
204 0 208 3 1 BM25
204 0 443 4 1 BM25
204 0 937 5 1 BM25
204 0 573 6 1 BM25
204 0 133 7 1 BM25
204 0 1271 8 1 BM25
204 0 1229 9 1 BM25
204 0 310 10 1 BM25
204 0 496 11 1 BM25
204 0 1310 12 1 BM25
204 0 667 13 1 BM25
204 0 423 14 1 BM25
204 0 1339 15 1 BM25
204 0 1311 16 1 BM25
204 0 678 17 1 BM25
204 0 1262 18 1 BM25
204 0 1076 19 1 BM25
204 0 1307 20 1 BM25
205 0 1321 1 1 BM25
205 0 1287 2 1 BM25
205 0 78 3 1 BM25
205 0 1323 4 1 BM25
205 0 1322 5 1 BM25
205 0 55 6 1 BM25
205 0 337 7 1 BM25
205 0 73 8 1 BM25
205 0 80 9 1 BM25
205 0 207 10 1 BM25
205 0 1381 11 1 BM25
205 0 933 12 1 BM25
205 0 959 13 1 BM25
205 0 9 14 1 BM25
205 0 135 15 1 BM25
205 0 1320 16 1 BM25
205 0 1035 17 1 BM25
205 0 610 18 1 BM25
205 0 131 19 1 BM25
205 0 662 20 1 BM25
206 0 1290 1 1 BM25
206 0 1338 2 1 BM25
206 0 879 3 1 BM25
206 0 252 4 1 BM25
206 0 1341 5 1 BM25
206 0 1336 6 1 BM25
206 0 876 7 1 BM25
206 0 598 8 1 BM25
206 0 467 9 1 BM25
206 0 440 10 1 BM25
206 0 880 11 1 BM25
206 0 1006 12 1 BM25
206 0 948 13 1 BM25
206 0 526 14 1 BM25
206 0 312 15 1 BM25
206 0 638 16 1 BM25
206 0 431 17 1 BM25
206 0 496 18 1 BM25
206 0 790 19 1 BM25
206 0 468 20 1 BM25
207 0 365 1 1 BM25
207 0 189 2 1 BM25
207 0 439 3 1 BM25
207 0 274 4 1 BM25
207 0 1154 5 1 BM25
207 0 174 6 1 BM25
207 0 946 7 1 BM25
207 0 455 8 1 BM25
207 0 1302 9 1 BM25
207 0 1257 10 1 BM25
207 0 1036 11 1 BM25
207 0 773 12 1 BM25
207 0 859 13 1 BM25
207 0 308 14 1 BM25
207 0 661 15 1 BM25
207 0 76 16 1 BM25
207 0 173 17 1 BM25
207 0 458 18 1 BM25
207 0 440 19 1 BM25
207 0 1040 20 1 BM25
208 0 1291 1 1 BM25
208 0 1344 2 1 BM25
208 0 163 3 1 BM25
208 0 815 4 1 BM25
208 0 709 5 1 BM25
208 0 1352 6 1 BM25
208 0 566 7 1 BM25
208 0 716 8 1 BM25
208 0 816 9 1 BM25
208 0 1345 10 1 BM25
208 0 711 11 1 BM25
208 0 624 12 1 BM25
208 0 1217 13 1 BM25
208 0 1289 14 1 BM25
208 0 1346 15 1 BM25
208 0 275 16 1 BM25
208 0 1124 17 1 BM25
208 0 1380 18 1 BM25
208 0 638 19 1 BM25
208 0 708 20 1 BM25
209 0 798 1 1 BM25
209 0 959 2 1 BM25
209 0 1364 3 1 BM25
209 0 240 4 1 BM25
209 0 996 5 1 BM25
209 0 461 6 1 BM25
209 0 187 7 1 BM25
209 0 1383 8 1 BM25
209 0 358 9 1 BM25
209 0 55 10 1 BM25
209 0 1278 11 1 BM25
209 0 16 12 1 BM25
209 0 526 13 1 BM25
209 0 339 14 1 BM25
209 0 207 15 1 BM25
209 0 23 16 1 BM25
209 0 315 17 1 BM25
209 0 455 18 1 BM25
209 0 291 19 1 BM25
209 0 135 20 1 BM25
210 0 1172 1 1 BM25
210 0 1145 2 1 BM25
210 0 1171 3 1 BM25
210 0 1126 4 1 BM25
210 0 743 5 1 BM25
210 0 956 6 1 BM25
210 0 1068 7 1 BM25
210 0 1132 8 1 BM25
210 0 760 9 1 BM25
210 0 1133 10 1 BM25
210 0 1173 11 1 BM25
210 0 1070 12 1 BM25
210 0 1067 13 1 BM25
210 0 740 14 1 BM25
210 0 1125 15 1 BM25
210 0 1118 16 1 BM25
210 0 887 17 1 BM25
210 0 889 18 1 BM25
210 0 826 19 1 BM25
210 0 938 20 1 BM25
211 0 897 1 1 BM25
211 0 743 2 1 BM25
211 0 1051 3 1 BM25
211 0 739 4 1 BM25
211 0 1117 5 1 BM25
211 0 740 6 1 BM25
211 0 890 7 1 BM25
211 0 935 8 1 BM25
211 0 889 9 1 BM25
211 0 887 10 1 BM25
211 0 1068 11 1 BM25
211 0 1173 12 1 BM25
211 0 1172 13 1 BM25
211 0 1126 14 1 BM25
211 0 885 15 1 BM25
211 0 741 16 1 BM25
211 0 1145 17 1 BM25
211 0 769 18 1 BM25
211 0 1070 19 1 BM25
211 0 886 20 1 BM25
212 0 1178 1 1 BM25
212 0 1177 2 1 BM25
212 0 888 3 1 BM25
212 0 838 4 1 BM25
212 0 885 5 1 BM25
212 0 642 6 1 BM25
212 0 1176 7 1 BM25
212 0 1146 8 1 BM25
212 0 839 9 1 BM25
212 0 1122 10 1 BM25
212 0 822 11 1 BM25
212 0 769 12 1 BM25
212 0 1173 13 1 BM25
212 0 932 14 1 BM25
212 0 1126 15 1 BM25
212 0 823 16 1 BM25
212 0 31 17 1 BM25
212 0 760 18 1 BM25
212 0 741 19 1 BM25
212 0 887 20 1 BM25
213 0 769 1 1 BM25
213 0 885 2 1 BM25
213 0 888 3 1 BM25
213 0 1146 4 1 BM25
213 0 1173 5 1 BM25
213 0 741 6 1 BM25
213 0 1116 7 1 BM25
213 0 887 8 1 BM25
213 0 765 9 1 BM25
213 0 1178 10 1 BM25
213 0 642 11 1 BM25
213 0 1145 12 1 BM25
213 0 1122 13 1 BM25
213 0 1038 14 1 BM25
213 0 890 15 1 BM25
213 0 1117 16 1 BM25
213 0 891 17 1 BM25
213 0 928 18 1 BM25
213 0 839 19 1 BM25
213 0 1177 20 1 BM25
214 0 1294 1 1 BM25
214 0 831 2 1 BM25
214 0 828 3 1 BM25
214 0 1043 4 1 BM25
214 0 1362 5 1 BM25
214 0 1059 6 1 BM25
214 0 830 7 1 BM25
214 0 1036 8 1 BM25
214 0 930 9 1 BM25
214 0 1126 10 1 BM25
214 0 1044 11 1 BM25
214 0 827 12 1 BM25
214 0 1042 13 1 BM25
214 0 848 14 1 BM25
214 0 1361 15 1 BM25
214 0 739 16 1 BM25
214 0 201 17 1 BM25
214 0 1058 18 1 BM25
214 0 756 19 1 BM25
214 0 47 20 1 BM25
215 0 535 1 1 BM25
215 0 1234 2 1 BM25
215 0 1205 3 1 BM25
215 0 25 4 1 BM25
215 0 1253 5 1 BM25
215 0 332 6 1 BM25
215 0 1204 7 1 BM25
215 0 68 8 1 BM25
215 0 295 9 1 BM25
215 0 707 10 1 BM25
215 0 666 11 1 BM25
215 0 1198 12 1 BM25
215 0 357 13 1 BM25
215 0 44 14 1 BM25
215 0 456 15 1 BM25
215 0 35 16 1 BM25
215 0 1377 17 1 BM25
215 0 294 18 1 BM25
215 0 625 19 1 BM25
215 0 876 20 1 BM25
216 0 958 1 1 BM25
216 0 693 2 1 BM25
216 0 175 3 1 BM25
216 0 39 4 1 BM25
216 0 1220 5 1 BM25
216 0 1225 6 1 BM25
216 0 1269 7 1 BM25
216 0 407 8 1 BM25
216 0 974 9 1 BM25
216 0 968 10 1 BM25
216 0 1156 11 1 BM25
216 0 1364 12 1 BM25
216 0 1319 13 1 BM25
216 0 1206 14 1 BM25
216 0 330 15 1 BM25
216 0 1032 16 1 BM25
216 0 345 17 1 BM25
216 0 692 18 1 BM25
216 0 904 19 1 BM25
216 0 466 20 1 BM25
217 0 323 1 1 BM25
217 0 1213 2 1 BM25
217 0 983 3 1 BM25
217 0 1161 4 1 BM25
217 0 655 5 1 BM25
217 0 666 6 1 BM25
217 0 559 7 1 BM25
217 0 1002 8 1 BM25
217 0 438 9 1 BM25
217 0 1263 10 1 BM25
217 0 553 11 1 BM25
217 0 44 12 1 BM25
217 0 154 13 1 BM25
217 0 1204 14 1 BM25
217 0 1319 15 1 BM25
217 0 1274 16 1 BM25
217 0 35 17 1 BM25
217 0 1307 18 1 BM25
217 0 554 19 1 BM25
217 0 142 20 1 BM25
218 0 559 1 1 BM25
218 0 323 2 1 BM25
218 0 154 3 1 BM25
218 0 655 4 1 BM25
218 0 983 5 1 BM25
218 0 666 6 1 BM25
218 0 553 7 1 BM25
218 0 295 8 1 BM25
218 0 438 9 1 BM25
218 0 1213 10 1 BM25
218 0 1263 11 1 BM25
218 0 1161 12 1 BM25
218 0 35 13 1 BM25
218 0 1104 14 1 BM25
218 0 1204 15 1 BM25
218 0 1002 16 1 BM25
218 0 44 17 1 BM25
218 0 1394 18 1 BM25
218 0 629 19 1 BM25
218 0 283 20 1 BM25
219 0 1221 1 1 BM25
219 0 208 2 1 BM25
219 0 1222 3 1 BM25
219 0 992 4 1 BM25
219 0 993 5 1 BM25
219 0 530 6 1 BM25
219 0 299 7 1 BM25
219 0 1309 8 1 BM25
219 0 7 9 1 BM25
219 0 371 10 1 BM25
219 0 1191 11 1 BM25
219 0 809 12 1 BM25
219 0 1218 13 1 BM25
219 0 73 14 1 BM25
219 0 319 15 1 BM25
219 0 197 16 1 BM25
219 0 447 17 1 BM25
219 0 1082 18 1 BM25
219 0 228 19 1 BM25
219 0 971 20 1 BM25
220 0 292 1 1 BM25
220 0 16 2 1 BM25
220 0 325 3 1 BM25
220 0 1375 4 1 BM25
220 0 458 5 1 BM25
220 0 321 6 1 BM25
220 0 111 7 1 BM25
220 0 1192 8 1 BM25
220 0 738 9 1 BM25
220 0 242 10 1 BM25
220 0 461 11 1 BM25
220 0 527 12 1 BM25
220 0 629 13 1 BM25
220 0 1355 14 1 BM25
220 0 261 15 1 BM25
220 0 1182 16 1 BM25
220 0 231 17 1 BM25
220 0 382 18 1 BM25
220 0 479 19 1 BM25
220 0 248 20 1 BM25
221 0 1366 1 1 BM25
221 0 292 2 1 BM25
221 0 754 3 1 BM25
221 0 1225 4 1 BM25
221 0 435 5 1 BM25
221 0 1182 6 1 BM25
221 0 579 7 1 BM25
221 0 1371 8 1 BM25
221 0 458 9 1 BM25
221 0 1375 10 1 BM25
221 0 1056 11 1 BM25
221 0 49 12 1 BM25
221 0 1386 13 1 BM25
221 0 62 14 1 BM25
221 0 559 15 1 BM25
221 0 738 16 1 BM25
221 0 839 17 1 BM25
221 0 73 18 1 BM25
221 0 194 19 1 BM25
221 0 662 20 1 BM25
222 0 1400 1 1 BM25
222 0 419 2 1 BM25
222 0 1399 3 1 BM25
222 0 1398 4 1 BM25
222 0 1130 5 1 BM25
222 0 1396 6 1 BM25
222 0 1387 7 1 BM25
222 0 1358 8 1 BM25
222 0 1397 9 1 BM25
222 0 1357 10 1 BM25
222 0 400 11 1 BM25
222 0 412 12 1 BM25
222 0 1116 13 1 BM25
222 0 886 14 1 BM25
222 0 1050 15 1 BM25
222 0 887 16 1 BM25
222 0 1070 17 1 BM25
222 0 1359 18 1 BM25
222 0 1048 19 1 BM25
222 0 393 20 1 BM25
223 0 1399 1 1 BM25
223 0 400 2 1 BM25
223 0 1398 3 1 BM25
223 0 419 4 1 BM25
223 0 1387 5 1 BM25
223 0 1400 6 1 BM25
223 0 412 7 1 BM25
223 0 388 8 1 BM25
223 0 1396 9 1 BM25
223 0 1008 10 1 BM25
223 0 1050 11 1 BM25
223 0 1048 12 1 BM25
223 0 393 13 1 BM25
223 0 1037 14 1 BM25
223 0 826 15 1 BM25
223 0 389 16 1 BM25
223 0 180 17 1 BM25
223 0 1121 18 1 BM25
223 0 664 19 1 BM25
223 0 398 20 1 BM25
224 0 1312 1 1 BM25
224 0 259 2 1 BM25
224 0 656 3 1 BM25
224 0 317 4 1 BM25
224 0 575 5 1 BM25
224 0 1314 6 1 BM25
224 0 1316 7 1 BM25
224 0 1157 8 1 BM25
224 0 405 9 1 BM25
224 0 236 10 1 BM25
224 0 140 11 1 BM25
224 0 1286 12 1 BM25
224 0 110 13 1 BM25
224 0 170 14 1 BM25
224 0 175 15 1 BM25
224 0 1315 16 1 BM25
224 0 302 17 1 BM25
224 0 401 18 1 BM25
224 0 318 19 1 BM25
224 0 1009 20 1 BM25
225 0 1380 1 1 BM25
225 0 1188 2 1 BM25
225 0 638 3 1 BM25
225 0 1291 4 1 BM25
225 0 1345 5 1 BM25
225 0 1344 6 1 BM25
225 0 368 7 1 BM25
225 0 225 8 1 BM25
225 0 1349 9 1 BM25
225 0 748 10 1 BM25
225 0 1136 11 1 BM25
225 0 213 12 1 BM25
225 0 215 13 1 BM25
225 0 416 14 1 BM25
225 0 77 15 1 BM25
225 0 173 16 1 BM25
225 0 1347 17 1 BM25
225 0 893 18 1 BM25
225 0 834 19 1 BM25
225 0 164 20 1 BM25
