1 0 51 1 1 LM
1 0 486 2 1 LM
1 0 573 3 1 LM
1 0 878 4 1 LM
1 0 12 5 1 LM
1 0 329 6 1 LM
1 0 141 7 1 LM
1 0 879 8 1 LM
1 0 746 9 1 LM
1 0 944 10 1 LM
2 0 12 1 1 LM
2 0 746 2 1 LM
2 0 172 3 1 LM
2 0 51 4 1 LM
2 0 1089 5 1 LM
2 0 1380 6 1 LM
2 0 14 7 1 LM
2 0 700 8 1 LM
2 0 810 9 1 LM
2 0 1169 10 1 LM
3 0 485 1 1 LM
3 0 5 2 1 LM
3 0 399 3 1 LM
3 0 144 4 1 LM
3 0 181 5 1 LM
3 0 579 6 1 LM
3 0 542 7 1 LM
3 0 1072 8 1 LM
3 0 91 9 1 LM
3 0 584 10 1 LM
4 0 1061 1 1 LM
4 0 166 2 1 LM
4 0 1315 3 1 LM
4 0 1189 4 1 LM
4 0 167 5 1 LM
4 0 488 6 1 LM
4 0 575 7 1 LM
4 0 1374 8 1 LM
4 0 1255 9 1 LM
4 0 435 10 1 LM
5 0 1032 1 1 LM
5 0 401 2 1 LM
5 0 103 3 1 LM
5 0 625 4 1 LM
5 0 552 5 1 LM
5 0 943 6 1 LM
5 0 163 7 1 LM
5 0 1296 8 1 LM
5 0 968 9 1 LM
5 0 746 10 1 LM
6 0 491 1 1 LM
6 0 257 2 1 LM
6 0 798 3 1 LM
6 0 767 4 1 LM
6 0 610 5 1 LM
6 0 1374 6 1 LM
6 0 1075 7 1 LM
6 0 345 8 1 LM
6 0 121 9 1 LM
6 0 959 10 1 LM
7 0 492 1 1 LM
7 0 57 2 1 LM
7 0 56 3 1 LM
7 0 124 4 1 LM
7 0 232 5 1 LM
7 0 373 6 1 LM
7 0 234 7 1 LM
7 0 122 8 1 LM
7 0 1231 9 1 LM
7 0 688 10 1 LM
8 0 492 1 1 LM
8 0 122 2 1 LM
8 0 443 3 1 LM
8 0 569 4 1 LM
8 0 1231 5 1 LM
8 0 476 6 1 LM
8 0 124 7 1 LM
8 0 248 8 1 LM
8 0 292 9 1 LM
8 0 234 10 1 LM
9 0 45 1 1 LM
9 0 549 2 1 LM
9 0 21 3 1 LM
9 0 398 4 1 LM
9 0 270 5 1 LM
9 0 102 6 1 LM
9 0 306 7 1 LM
9 0 22 8 1 LM
9 0 983 9 1 LM
9 0 571 10 1 LM
10 0 302 1 1 LM
10 0 493 2 1 LM
10 0 949 3 1 LM
10 0 524 4 1 LM
10 0 1010 5 1 LM
10 0 616 6 1 LM
10 0 405 7 1 LM
10 0 436 8 1 LM
10 0 1143 9 1 LM
10 0 1264 10 1 LM
11 0 495 1 1 LM
11 0 72 2 1 LM
11 0 472 3 1 LM
11 0 28 4 1 LM
11 0 570 5 1 LM
11 0 654 6 1 LM
11 0 1280 7 1 LM
11 0 1375 8 1 LM
11 0 1186 9 1 LM
11 0 556 10 1 LM
12 0 624 1 1 LM
12 0 966 2 1 LM
12 0 650 3 1 LM
12 0 1232 4 1 LM
12 0 1289 5 1 LM
12 0 1221 6 1 LM
12 0 325 7 1 LM
12 0 939 8 1 LM
12 0 917 9 1 LM
12 0 941 10 1 LM
13 0 496 1 1 LM
13 0 903 2 1 LM
13 0 520 3 1 LM
13 0 313 4 1 LM
13 0 38 5 1 LM
13 0 880 6 1 LM
13 0 440 7 1 LM
13 0 415 8 1 LM
13 0 797 9 1 LM
13 0 643 10 1 LM
14 0 1 1 0 LM
14 0 2 2 0 LM
14 0 3 3 0 LM
14 0 4 4 0 LM
14 0 5 5 0 LM
14 0 6 6 0 LM
14 0 7 7 0 LM
14 0 8 8 0 LM
14 0 9 9 0 LM
14 0 10 10 0 LM
15 0 462 1 1 LM
15 0 463 2 1 LM
15 0 1099 3 1 LM
15 0 1025 4 1 LM
15 0 1340 5 1 LM
15 0 817 6 1 LM
15 0 1065 7 1 LM
15 0 1043 8 1 LM
15 0 542 9 1 LM
15 0 82 10 1 LM
16 0 498 1 1 LM
16 0 106 2 1 LM
16 0 231 3 1 LM
16 0 1255 4 1 LM
16 0 494 5 1 LM
16 0 248 6 1 LM
16 0 1112 7 1 LM
16 0 927 8 1 LM
16 0 259 9 1 LM
16 0 326 10 1 LM
17 0 1108 1 1 LM
17 0 336 2 1 LM
17 0 700 3 1 LM
17 0 106 4 1 LM
17 0 1281 5 1 LM
17 0 1301 6 1 LM
17 0 445 7 1 LM
17 0 410 8 1 LM
17 0 1235 9 1 LM
17 0 498 10 1 LM
18 0 197 1 1 LM
18 0 498 2 1 LM
18 0 234 3 1 LM
18 0 248 4 1 LM
18 0 1352 5 1 LM
18 0 492 6 1 LM
18 0 56 7 1 LM
18 0 1231 8 1 LM
18 0 927 9 1 LM
18 0 232 10 1 LM
19 0 706 1 1 LM
19 0 82 2 1 LM
19 0 140 3 1 LM
19 0 1052 4 1 LM
19 0 44 5 1 LM
19 0 1119 6 1 LM
19 0 353 7 1 LM
19 0 714 8 1 LM
19 0 713 9 1 LM
19 0 1279 10 1 LM
20 0 1 1 0 LM
20 0 2 2 0 LM
20 0 3 3 0 LM
20 0 4 4 0 LM
20 0 5 5 0 LM
20 0 6 6 0 LM
20 0 7 7 0 LM
20 0 8 8 0 LM
20 0 9 9 0 LM
20 0 10 10 0 LM
21 0 502 1 1 LM
21 0 68 2 1 LM
21 0 686 3 1 LM
21 0 343 4 1 LM
21 0 421 5 1 LM
21 0 1237 6 1 LM
21 0 302 7 1 LM
21 0 1007 8 1 LM
21 0 961 9 1 LM
21 0 767 10 1 LM
22 0 1 1 0 LM
22 0 2 2 0 LM
22 0 3 3 0 LM
22 0 4 4 0 LM
22 0 5 5 0 LM
22 0 6 6 0 LM
22 0 7 7 0 LM
22 0 8 8 0 LM
22 0 9 9 0 LM
22 0 10 10 0 LM
23 0 892 1 1 LM
23 0 14 2 1 LM
23 0 899 3 1 LM
23 0 902 4 1 LM
23 0 1092 5 1 LM
23 0 1259 6 1 LM
23 0 718 7 1 LM
23 0 753 8 1 LM
23 0 237 9 1 LM
23 0 185 10 1 LM
24 0 756 1 1 LM
24 0 1361 2 1 LM
24 0 46 3 1 LM
24 0 47 4 1 LM
24 0 1362 5 1 LM
24 0 12 6 1 LM
24 0 650 7 1 LM
24 0 883 8 1 LM
24 0 1034 9 1 LM
24 0 724 10 1 LM
25 0 213 1 1 LM
25 0 277 2 1 LM
25 0 121 3 1 LM
25 0 216 4 1 LM
25 0 215 5 1 LM
25 0 212 6 1 LM
25 0 97 7 1 LM
25 0 1202 8 1 LM
25 0 214 9 1 LM
25 0 987 10 1 LM
26 0 382 1 1 LM
26 0 307 2 1 LM
26 0 611 3 1 LM
26 0 145 4 1 LM
26 0 305 5 1 LM
26 0 4 6 1 LM
26 0 96 7 1 LM
26 0 629 8 1 LM
26 0 568 9 1 LM
26 0 547 10 1 LM
27 0 1031 1 1 LM
27 0 1035 2 1 LM
27 0 512 3 1 LM
27 0 680 4 1 LM
27 0 224 5 1 LM
27 0 1176 6 1 LM
27 0 1293 7 1 LM
27 0 752 8 1 LM
27 0 279 9 1 LM
27 0 1132 10 1 LM
28 0 367 1 1 LM
28 0 674 2 1 LM
28 0 680 3 1 LM
28 0 1012 4 1 LM
28 0 921 5 1 LM
28 0 1176 6 1 LM
28 0 1131 7 1 LM
28 0 1051 8 1 LM
28 0 227 9 1 LM
28 0 683 10 1 LM
29 0 465 1 1 LM
29 0 420 2 1 LM
29 0 513 3 1 LM
29 0 612 4 1 LM
29 0 900 5 1 LM
29 0 601 6 1 LM
29 0 147 7 1 LM
29 0 464 8 1 LM
29 0 683 9 1 LM
29 0 222 10 1 LM
30 0 683 1 1 LM
30 0 902 2 1 LM
30 0 601 3 1 LM
30 0 222 4 1 LM
30 0 45 5 1 LM
30 0 513 6 1 LM
30 0 633 7 1 LM
30 0 191 8 1 LM
30 0 577 9 1 LM
30 0 420 10 1 LM
31 0 751 1 1 LM
31 0 1209 2 1 LM
31 0 1153 3 1 LM
31 0 1245 4 1 LM
31 0 1082 5 1 LM
31 0 283 6 1 LM
31 0 228 7 1 LM
31 0 895 8 1 LM
31 0 918 9 1 LM
31 0 1370 10 1 LM
32 0 752 1 1 LM
32 0 1259 2 1 LM
32 0 802 3 1 LM
32 0 1112 4 1 LM
32 0 1186 5 1 LM
32 0 556 6 1 LM
32 0 1394 7 1 LM
32 0 922 8 1 LM
32 0 242 9 1 LM
32 0 259 10 1 LM
33 0 1 1 0 LM
33 0 2 2 0 LM
33 0 3 3 0 LM
33 0 4 4 0 LM
33 0 5 5 0 LM
33 0 6 6 0 LM
33 0 7 7 0 LM
33 0 8 8 0 LM
33 0 9 9 0 LM
33 0 10 10 0 LM
34 0 1153 1 1 LM
34 0 1341 2 1 LM
34 0 516 3 1 LM
34 0 1350 4 1 LM
34 0 1243 5 1 LM
34 0 431 6 1 LM
34 0 280 7 1 LM
34 0 188 8 1 LM
34 0 795 9 1 LM
34 0 141 10 1 LM
35 0 488 1 1 LM
35 0 319 2 1 LM
35 0 169 3 1 LM
35 0 1160 4 1 LM
35 0 1189 5 1 LM
35 0 1203 6 1 LM
35 0 1327 7 1 LM
35 0 262 8 1 LM
35 0 1314 9 1 LM
35 0 296 10 1 LM
36 0 1 1 0 LM
36 0 2 2 0 LM
36 0 3 3 0 LM
36 0 4 4 0 LM
36 0 5 5 0 LM
36 0 6 6 0 LM
36 0 7 7 0 LM
36 0 8 8 0 LM
36 0 9 9 0 LM
36 0 10 10 0 LM
37 0 186 1 1 LM
37 0 1352 2 1 LM
37 0 1311 3 1 LM
37 0 283 4 1 LM
37 0 126 5 1 LM
37 0 234 6 1 LM
37 0 522 7 1 LM
37 0 1229 8 1 LM
37 0 952 9 1 LM
37 0 294 10 1 LM
38 0 536 1 1 LM
38 0 1391 2 1 LM
38 0 25 3 1 LM
38 0 294 4 1 LM
38 0 976 5 1 LM
38 0 24 6 1 LM
38 0 1211 7 1 LM
38 0 1279 8 1 LM
38 0 710 9 1 LM
38 0 295 10 1 LM
39 0 43 1 1 LM
39 0 536 2 1 LM
39 0 1205 3 1 LM
39 0 9 4 1 LM
39 0 272 5 1 LM
39 0 346 6 1 LM
39 0 1264 7 1 LM
39 0 1383 8 1 LM
39 0 1257 9 1 LM
39 0 293 10 1 LM
40 0 536 1 1 LM
40 0 1205 2 1 LM
40 0 272 3 1 LM
40 0 9 4 1 LM
40 0 43 5 1 LM
40 0 186 6 1 LM
40 0 976 7 1 LM
40 0 83 8 1 LM
40 0 346 9 1 LM
40 0 37 10 1 LM
41 0 1 1 0 LM
41 0 2 2 0 LM
41 0 3 3 0 LM
41 0 4 4 0 LM
41 0 5 5 0 LM
41 0 6 6 0 LM
41 0 7 7 0 LM
41 0 8 8 0 LM
41 0 9 9 0 LM
41 0 10 10 0 LM
42 0 1 1 0 LM
42 0 2 2 0 LM
42 0 3 3 0 LM
42 0 4 4 0 LM
42 0 5 5 0 LM
42 0 6 6 0 LM
42 0 7 7 0 LM
42 0 8 8 0 LM
42 0 9 9 0 LM
42 0 10 10 0 LM
43 0 467 1 1 LM
43 0 469 2 1 LM
43 0 404 3 1 LM
43 0 496 4 1 LM
43 0 903 5 1 LM
43 0 468 6 1 LM
43 0 1070 7 1 LM
43 0 503 8 1 LM
43 0 1248 9 1 LM
43 0 121 10 1 LM
44 0 1190 1 1 LM
44 0 108 2 1 LM
44 0 183 3 1 LM
44 0 103 4 1 LM
44 0 1199 5 1 LM
44 0 1031 6 1 LM
44 0 319 7 1 LM
44 0 367 8 1 LM
44 0 760 9 1 LM
44 0 1072 10 1 LM
45 0 1 1 0 LM
45 0 2 2 0 LM
45 0 3 3 0 LM
45 0 4 4 0 LM
45 0 5 5 0 LM
45 0 6 6 0 LM
45 0 7 7 0 LM
45 0 8 8 0 LM
45 0 9 9 0 LM
45 0 10 10 0 LM
46 0 353 1 1 LM
46 0 481 2 1 LM
46 0 305 3 1 LM
46 0 525 4 1 LM
46 0 655 5 1 LM
46 0 1159 6 1 LM
46 0 84 7 1 LM
46 0 123 8 1 LM
46 0 983 9 1 LM
46 0 623 10 1 LM
47 0 1200 1 1 LM
47 0 305 2 1 LM
47 0 304 3 1 LM
47 0 570 4 1 LM
47 0 568 5 1 LM
47 0 327 6 1 LM
47 0 525 7 1 LM
47 0 310 8 1 LM
47 0 309 9 1 LM
47 0 25 10 1 LM
48 0 526 1 1 LM
48 0 797 2 1 LM
48 0 440 3 1 LM
48 0 876 4 1 LM
48 0 638 5 1 LM
48 0 1228 6 1 LM
48 0 793 7 1 LM
48 0 902 8 1 LM
48 0 879 9 1 LM
48 0 315 10 1 LM
49 0 321 1 1 LM
49 0 527 2 1 LM
49 0 349 3 1 LM
49 0 322 4 1 LM
49 0 320 5 1 LM
49 0 1370 6 1 LM
49 0 476 7 1 LM
49 0 585 8 1 LM
49 0 366 9 1 LM
49 0 377 10 1 LM
50 0 326 1 1 LM
50 0 192 2 1 LM
50 0 329 3 1 LM
50 0 337 4 1 LM
50 0 1259 5 1 LM
50 0 353 6 1 LM
50 0 528 7 1 LM
50 0 992 8 1 LM
50 0 273 9 1 LM
50 0 494 10 1 LM
51 0 326 1 1 LM
51 0 528 2 1 LM
51 0 494 3 1 LM
51 0 261 4 1 LM
51 0 23 5 1 LM
51 0 1281 6 1 LM
51 0 192 7 1 LM
51 0 1310 8 1 LM
51 0 329 9 1 LM
51 0 94 10 1 LM
52 0 326 1 1 LM
52 0 629 2 1 LM
52 0 21 3 1 LM
52 0 96 4 1 LM
52 0 306 5 1 LM
52 0 798 6 1 LM
52 0 1215 7 1 LM
52 0 265 8 1 LM
52 0 528 9 1 LM
52 0 254 10 1 LM
53 0 208 1 1 LM
53 0 1221 2 1 LM
53 0 437 3 1 LM
53 0 1253 4 1 LM
53 0 407 5 1 LM
53 0 1236 6 1 LM
53 0 531 7 1 LM
53 0 298 8 1 LM
53 0 269 9 1 LM
53 0 33 10 1 LM
54 0 123 1 1 LM
54 0 84 2 1 LM
54 0 44 3 1 LM
54 0 1307 4 1 LM
54 0 623 5 1 LM
54 0 666 6 1 LM
54 0 274 7 1 LM
54 0 553 8 1 LM
54 0 1213 9 1 LM
54 0 525 10 1 LM
55 0 798 1 1 LM
55 0 376 2 1 LM
55 0 17 3 1 LM
55 0 1301 4 1 LM
55 0 460 5 1 LM
55 0 1185 6 1 LM
55 0 4 7 1 LM
55 0 1241 8 1 LM
55 0 1302 9 1 LM
55 0 241 10 1 LM
56 0 753 1 1 LM
56 0 14 2 1 LM
56 0 1331 3 1 LM
56 0 441 4 1 LM
56 0 783 5 1 LM
56 0 1209 6 1 LM
56 0 1336 7 1 LM
56 0 1105 8 1 LM
56 0 634 9 1 LM
56 0 798 10 1 LM
57 0 810 1 1 LM
57 0 380 2 1 LM
57 0 1338 3 1 LM
57 0 916 4 1 LM
57 0 856 5 1 LM
57 0 38 6 1 LM
57 0 1149 7 1 LM
57 0 999 8 1 LM
57 0 753 9 1 LM
57 0 496 10 1 LM
58 0 873 1 1 LM
58 0 270 2 1 LM
58 0 963 3 1 LM
58 0 1159 4 1 LM
58 0 754 5 1 LM
58 0 661 6 1 LM
58 0 974 7 1 LM
58 0 398 8 1 LM
58 0 387 9 1 LM
58 0 88 10 1 LM
59 0 292 1 1 LM
59 0 381 2 1 LM
59 0 23 3 1 LM
59 0 661 4 1 LM
59 0 458 5 1 LM
59 0 393 6 1 LM
59 0 261 7 1 LM
59 0 785 8 1 LM
59 0 1268 9 1 LM
59 0 9 10 1 LM
60 0 322 1 1 LM
60 0 527 2 1 LM
60 0 321 3 1 LM
60 0 320 4 1 LM
60 0 585 5 1 LM
60 0 476 6 1 LM
60 0 107 7 1 LM
60 0 730 8 1 LM
60 0 365 9 1 LM
60 0 1235 10 1 LM
61 0 564 1 1 LM
61 0 539 2 1 LM
61 0 566 3 1 LM
61 0 1258 4 1 LM
61 0 333 5 1 LM
61 0 435 6 1 LM
61 0 1104 7 1 LM
61 0 1213 8 1 LM
61 0 1307 9 1 LM
61 0 789 10 1 LM
62 0 452 1 1 LM
62 0 459 2 1 LM
62 0 381 3 1 LM
62 0 483 4 1 LM
62 0 1268 5 1 LM
62 0 105 6 1 LM
62 0 788 7 1 LM
62 0 785 8 1 LM
62 0 1383 9 1 LM
62 0 533 10 1 LM
63 0 1135 1 1 LM
63 0 1045 2 1 LM
63 0 891 3 1 LM
63 0 839 4 1 LM
63 0 843 5 1 LM
63 0 287 6 1 LM
63 0 629 7 1 LM
63 0 1336 8 1 LM
63 0 1171 9 1 LM
63 0 1051 10 1 LM
64 0 390 1 1 LM
64 0 52 2 1 LM
64 0 719 3 1 LM
64 0 441 4 1 LM
64 0 928 5 1 LM
64 0 1107 6 1 LM
64 0 410 7 1 LM
64 0 482 8 1 LM
64 0 428 9 1 LM
64 0 236 10 1 LM
65 0 3 1 1 LM
65 0 388 2 1 LM
65 0 569 3 1 LM
65 0 393 4 1 LM
65 0 1106 5 1 LM
65 0 180 6 1 LM
65 0 4 7 1 LM
65 0 1355 8 1 LM
65 0 1237 9 1 LM
65 0 664 10 1 LM
66 0 128 1 1 LM
66 0 191 2 1 LM
66 0 305 3 1 LM
66 0 629 4 1 LM
66 0 1370 5 1 LM
66 0 329 6 1 LM
66 0 375 7 1 LM
66 0 73 8 1 LM
66 0 310 9 1 LM
66 0 1251 10 1 LM
67 0 3 1 1 LM
67 0 393 2 1 LM
67 0 180 3 1 LM
67 0 4 4 1 LM
67 0 306 5 1 LM
67 0 629 6 1 LM
67 0 1106 7 1 LM
67 0 9 8 1 LM
67 0 664 9 1 LM
67 0 1107 10 1 LM
68 0 628 1 1 LM
68 0 344 2 1 LM
68 0 773 3 1 LM
68 0 1205 4 1 LM
68 0 662 5 1 LM
68 0 364 6 1 LM
68 0 1100 7 1 LM
68 0 338 8 1 LM
68 0 689 9 1 LM
68 0 433 10 1 LM
69 0 128 1 1 LM
69 0 540 2 1 LM
69 0 306 3 1 LM
69 0 292 4 1 LM
69 0 393 5 1 LM
69 0 111 6 1 LM
69 0 458 7 1 LM
69 0 1383 8 1 LM
69 0 381 9 1 LM
69 0 1375 10 1 LM
70 0 540 1 1 LM
70 0 180 2 1 LM
70 0 300 3 1 LM
70 0 365 4 1 LM
70 0 104 5 1 LM
70 0 62 6 1 LM
70 0 1149 7 1 LM
70 0 349 8 1 LM
70 0 305 9 1 LM
70 0 320 10 1 LM
71 0 540 1 1 LM
71 0 1299 2 1 LM
71 0 573 3 1 LM
71 0 305 4 1 LM
71 0 1200 5 1 LM
71 0 63 6 1 LM
71 0 329 7 1 LM
71 0 494 8 1 LM
71 0 304 9 1 LM
71 0 1076 10 1 LM
72 0 1313 1 1 LM
72 0 630 2 1 LM
72 0 315 3 1 LM
72 0 63 4 1 LM
72 0 663 5 1 LM
72 0 511 6 1 LM
72 0 1229 7 1 LM
72 0 1239 8 1 LM
72 0 189 9 1 LM
72 0 187 10 1 LM
73 0 332 1 1 LM
73 0 541 2 1 LM
73 0 625 3 1 LM
73 0 401 4 1 LM
73 0 573 5 1 LM
73 0 574 6 1 LM
73 0 1296 7 1 LM
73 0 572 8 1 LM
73 0 577 9 1 LM
73 0 1295 10 1 LM
74 0 625 1 1 LM
74 0 576 2 1 LM
74 0 1153 3 1 LM
74 0 1295 4 1 LM
74 0 876 5 1 LM
74 0 185 6 1 LM
74 0 68 7 1 LM
74 0 364 8 1 LM
74 0 1155 9 1 LM
74 0 1303 10 1 LM
75 0 1099 1 1 LM
75 0 959 2 1 LM
75 0 329 3 1 LM
75 0 306 4 1 LM
75 0 565 5 1 LM
75 0 1097 6 1 LM
75 0 50 7 1 LM
75 0 623 8 1 LM
75 0 630 9 1 LM
75 0 645 10 1 LM
76 0 1 1 0 LM
76 0 2 2 0 LM
76 0 3 3 0 LM
76 0 4 4 0 LM
76 0 5 5 0 LM
76 0 6 6 0 LM
76 0 7 7 0 LM
76 0 8 8 0 LM
76 0 9 9 0 LM
76 0 10 10 0 LM
77 0 1 1 0 LM
77 0 2 2 0 LM
77 0 3 3 0 LM
77 0 4 4 0 LM
77 0 5 5 0 LM
77 0 6 6 0 LM
77 0 7 7 0 LM
77 0 8 8 0 LM
77 0 9 9 0 LM
77 0 10 10 0 LM
78 0 1 1 0 LM
78 0 2 2 0 LM
78 0 3 3 0 LM
78 0 4 4 0 LM
78 0 5 5 0 LM
78 0 6 6 0 LM
78 0 7 7 0 LM
78 0 8 8 0 LM
78 0 9 9 0 LM
78 0 10 10 0 LM
79 0 199 1 1 LM
79 0 1066 2 1 LM
79 0 567 3 1 LM
79 0 755 4 1 LM
79 0 544 5 1 LM
79 0 413 6 1 LM
79 0 347 7 1 LM
79 0 516 8 1 LM
79 0 748 9 1 LM
79 0 56 10 1 LM
80 0 544 1 1 LM
80 0 546 2 1 LM
80 0 1335 3 1 LM
80 0 602 4 1 LM
80 0 813 5 1 LM
80 0 441 6 1 LM
80 0 1019 7 1 LM
80 0 1336 8 1 LM
80 0 244 9 1 LM
80 0 301 10 1 LM
81 0 1 1 0 LM
81 0 2 2 0 LM
81 0 3 3 0 LM
81 0 4 4 0 LM
81 0 5 5 0 LM
81 0 6 6 0 LM
81 0 7 7 0 LM
81 0 8 8 0 LM
81 0 9 9 0 LM
81 0 10 10 0 LM
82 0 1 1 0 LM
82 0 2 2 0 LM
82 0 3 3 0 LM
82 0 4 4 0 LM
82 0 5 5 0 LM
82 0 6 6 0 LM
82 0 7 7 0 LM
82 0 8 8 0 LM
82 0 9 9 0 LM
82 0 10 10 0 LM
83 0 680 1 1 LM
83 0 1060 2 1 LM
83 0 18 3 1 LM
83 0 1196 4 1 LM
83 0 242 5 1 LM
83 0 24 6 1 LM
83 0 1295 7 1 LM
83 0 1190 8 1 LM
83 0 1275 9 1 LM
83 0 1321 10 1 LM
84 0 522 1 1 LM
84 0 294 2 1 LM
84 0 873 3 1 LM
84 0 546 4 1 LM
84 0 378 5 1 LM
84 0 17 6 1 LM
84 0 1104 7 1 LM
84 0 1281 8 1 LM
84 0 36 9 1 LM
84 0 554 10 1 LM
85 0 710 1 1 LM
85 0 84 2 1 LM
85 0 184 3 1 LM
85 0 1287 4 1 LM
85 0 80 5 1 LM
85 0 244 6 1 LM
85 0 9 7 1 LM
85 0 7 8 1 LM
85 0 280 9 1 LM
85 0 798 10 1 LM
86 0 755 1 1 LM
86 0 594 2 1 LM
86 0 790 3 1 LM
86 0 1155 4 1 LM
86 0 141 5 1 LM
86 0 544 6 1 LM
86 0 280 7 1 LM
86 0 719 8 1 LM
86 0 516 9 1 LM
86 0 188 10 1 LM
87 0 547 1 1 LM
87 0 572 2 1 LM
87 0 1309 3 1 LM
87 0 2 4 1 LM
87 0 134 5 1 LM
87 0 439 6 1 LM
87 0 667 7 1 LM
87 0 797 8 1 LM
87 0 191 9 1 LM
87 0 1267 10 1 LM
88 0 548 1 1 LM
88 0 613 2 1 LM
88 0 617 3 1 LM
88 0 616 4 1 LM
88 0 622 5 1 LM
88 0 614 6 1 LM
88 0 615 7 1 LM
88 0 618 8 1 LM
88 0 621 9 1 LM
88 0 1150 10 1 LM
89 0 1 1 0 LM
89 0 2 2 0 LM
89 0 3 3 0 LM
89 0 4 4 0 LM
89 0 5 5 0 LM
89 0 6 6 0 LM
89 0 7 7 0 LM
89 0 8 8 0 LM
89 0 9 9 0 LM
89 0 10 10 0 LM
90 0 265 1 1 LM
90 0 1187 2 1 LM
90 0 311 3 1 LM
90 0 979 4 1 LM
90 0 293 5 1 LM
90 0 416 6 1 LM
90 0 892 7 1 LM
90 0 527 8 1 LM
90 0 294 9 1 LM
90 0 1281 10 1 LM
91 0 252 1 1 LM
91 0 924 2 1 LM
91 0 431 3 1 LM
91 0 799 4 1 LM
91 0 795 5 1 LM
91 0 316 6 1 LM
91 0 315 7 1 LM
91 0 800 8 1 LM
91 0 1153 9 1 LM
91 0 925 10 1 LM
92 0 810 1 1 LM
92 0 683 2 1 LM
92 0 806 3 1 LM
92 0 1147 4 1 LM
92 0 804 5 1 LM
92 0 1247 6 1 LM
92 0 1093 7 1 LM
92 0 164 8 1 LM
92 0 235 9 1 LM
92 0 1219 10 1 LM
93 0 635 1 1 LM
93 0 691 2 1 LM
93 0 68 3 1 LM
93 0 1241 4 1 LM
93 0 1336 5 1 LM
93 0 421 6 1 LM
93 0 234 7 1 LM
93 0 232 8 1 LM
93 0 1335 9 1 LM
93 0 1062 10 1 LM
94 0 983 1 1 LM
94 0 1393 2 1 LM
94 0 559 3 1 LM
94 0 1161 4 1 LM
94 0 1104 5 1 LM
94 0 283 6 1 LM
94 0 84 7 1 LM
94 0 438 8 1 LM
94 0 1394 9 1 LM
94 0 142 10 1 LM
95 0 553 1 1 LM
95 0 662 2 1 LM
95 0 1002 3 1 LM
95 0 635 4 1 LM
95 0 1104 5 1 LM
95 0 101 6 1 LM
95 0 554 7 1 LM
95 0 1258 8 1 LM
95 0 690 9 1 LM
95 0 283 10 1 LM
96 0 1 1 0 LM
96 0 2 2 0 LM
96 0 3 3 0 LM
96 0 4 4 0 LM
96 0 5 5 0 LM
96 0 6 6 0 LM
96 0 7 7 0 LM
96 0 8 8 0 LM
96 0 9 9 0 LM
96 0 10 10 0 LM
97 0 1331 1 1 LM
97 0 1289 2 1 LM
97 0 779 3 1 LM
97 0 1270 4 1 LM
97 0 783 5 1 LM
97 0 882 6 1 LM
97 0 701 7 1 LM
97 0 790 8 1 LM
97 0 187 9 1 LM
97 0 14 10 1 LM
98 0 638 1 1 LM
98 0 673 2 1 LM
98 0 685 3 1 LM
98 0 1328 4 1 LM
98 0 1356 5 1 LM
98 0 792 6 1 LM
98 0 252 7 1 LM
98 0 222 8 1 LM
98 0 747 9 1 LM
98 0 704 10 1 LM
99 0 1 1 0 LM
99 0 2 2 0 LM
99 0 3 3 0 LM
99 0 4 4 0 LM
99 0 5 5 0 LM
99 0 6 6 0 LM
99 0 7 7 0 LM
99 0 8 8 0 LM
99 0 9 9 0 LM
99 0 10 10 0 LM
100 0 760 1 1 LM
100 0 822 2 1 LM
100 0 1122 3 1 LM
100 0 1126 4 1 LM
100 0 897 5 1 LM
100 0 1172 6 1 LM
100 0 1051 7 1 LM
100 0 740 8 1 LM
100 0 739 9 1 LM
100 0 885 10 1 LM
101 0 819 1 1 LM
101 0 760 2 1 LM
101 0 1119 3 1 LM
101 0 818 4 1 LM
101 0 823 5 1 LM
101 0 820 6 1 LM
101 0 825 7 1 LM
101 0 826 8 1 LM
101 0 817 9 1 LM
101 0 1122 10 1 LM
102 0 910 1 1 LM
102 0 1289 2 1 LM
102 0 729 3 1 LM
102 0 1007 4 1 LM
102 0 1024 5 1 LM
102 0 720 6 1 LM
102 0 132 7 1 LM
102 0 1389 8 1 LM
102 0 728 9 1 LM
102 0 516 10 1 LM
103 0 761 1 1 LM
103 0 1214 2 1 LM
103 0 1048 3 1 LM
103 0 1050 4 1 LM
103 0 906 5 1 LM
103 0 251 6 1 LM
103 0 1127 7 1 LM
103 0 1126 8 1 LM
103 0 956 9 1 LM
103 0 265 10 1 LM
104 0 762 1 1 LM
104 0 837 2 1 LM
104 0 462 3 1 LM
104 0 644 4 1 LM
104 0 840 5 1 LM
104 0 863 6 1 LM
104 0 1024 7 1 LM
104 0 824 8 1 LM
104 0 852 9 1 LM
104 0 957 10 1 LM
105 0 848 1 1 LM
105 0 764 2 1 LM
105 0 847 3 1 LM
105 0 846 4 1 LM
105 0 953 5 1 LM
105 0 1126 6 1 LM
105 0 739 7 1 LM
105 0 1067 8 1 LM
105 0 743 9 1 LM
105 0 839 10 1 LM
106 0 847 1 1 LM
106 0 764 2 1 LM
106 0 844 3 1 LM
106 0 552 4 1 LM
106 0 739 5 1 LM
106 0 846 6 1 LM
106 0 848 7 1 LM
106 0 1036 8 1 LM
106 0 953 9 1 LM
106 0 1040 10 1 LM
107 0 640 1 1 LM
107 0 725 2 1 LM
107 0 883 3 1 LM
107 0 870 4 1 LM
107 0 220 5 1 LM
107 0 720 6 1 LM
107 0 724 7 1 LM
107 0 836 8 1 LM
107 0 12 9 1 LM
107 0 29 10 1 LM
108 0 75 1 1 LM
108 0 724 2 1 LM
108 0 884 3 1 LM
108 0 727 4 1 LM
108 0 883 5 1 LM
108 0 640 6 1 LM
108 0 720 7 1 LM
108 0 726 8 1 LM
108 0 721 9 1 LM
108 0 881 10 1 LM
109 0 5 1 1 LM
109 0 391 2 1 LM
109 0 51 3 1 LM
109 0 627 4 1 LM
109 0 1008 5 1 LM
109 0 859 6 1 LM
109 0 886 7 1 LM
109 0 711 8 1 LM
109 0 982 9 1 LM
109 0 31 10 1 LM
110 0 15 1 1 LM
110 0 862 2 1 LM
110 0 1387 3 1 LM
110 0 1117 4 1 LM
110 0 1398 5 1 LM
110 0 856 6 1 LM
110 0 1131 7 1 LM
110 0 827 8 1 LM
110 0 857 9 1 LM
110 0 412 10 1 LM
111 0 894 1 1 LM
111 0 1131 2 1 LM
111 0 822 3 1 LM
111 0 392 4 1 LM
111 0 857 5 1 LM
111 0 874 6 1 LM
111 0 1008 7 1 LM
111 0 856 8 1 LM
111 0 627 9 1 LM
111 0 889 10 1 LM
112 0 641 1 1 LM
112 0 734 2 1 LM
112 0 730 3 1 LM
112 0 422 4 1 LM
112 0 736 5 1 LM
112 0 831 6 1 LM
112 0 648 7 1 LM
112 0 936 8 1 LM
112 0 735 9 1 LM
112 0 700 10 1 LM
113 0 704 1 1 LM
113 0 748 2 1 LM
113 0 708 3 1 LM
113 0 815 4 1 LM
113 0 360 5 1 LM
113 0 709 6 1 LM
113 0 52 7 1 LM
113 0 856 8 1 LM
113 0 467 9 1 LM
113 0 204 10 1 LM
114 0 895 1 1 LM
114 0 1266 2 1 LM
114 0 712 3 1 LM
114 0 917 4 1 LM
114 0 704 5 1 LM
114 0 465 6 1 LM
114 0 1333 7 1 LM
114 0 919 8 1 LM
114 0 1246 9 1 LM
114 0 757 10 1 LM
115 0 486 1 1 LM
115 0 540 2 1 LM
115 0 102 3 1 LM
115 0 549 4 1 LM
115 0 51 5 1 LM
115 0 365 6 1 LM
115 0 875 7 1 LM
115 0 81 8 1 LM
115 0 371 9 1 LM
115 0 782 10 1 LM
116 0 186 1 1 LM
116 0 1106 2 1 LM
116 0 522 3 1 LM
116 0 272 4 1 LM
116 0 1038 5 1 LM
116 0 1351 6 1 LM
116 0 1074 7 1 LM
116 0 48 8 1 LM
116 0 927 9 1 LM
116 0 759 10 1 LM
117 0 1304 1 1 LM
117 0 999 2 1 LM
117 0 122 3 1 LM
117 0 189 4 1 LM
117 0 927 5 1 LM
117 0 688 6 1 LM
117 0 196 7 1 LM
117 0 925 8 1 LM
117 0 1001 9 1 LM
117 0 907 10 1 LM
118 0 1 1 0 LM
118 0 2 2 0 LM
118 0 3 3 0 LM
118 0 4 4 0 LM
118 0 5 5 0 LM
118 0 6 6 0 LM
118 0 7 7 0 LM
118 0 8 8 0 LM
118 0 9 9 0 LM
118 0 10 10 0 LM
119 0 897 1 1 LM
119 0 1051 2 1 LM
119 0 928 3 1 LM
119 0 1068 4 1 LM
119 0 1132 5 1 LM
119 0 1116 6 1 LM
119 0 846 7 1 LM
119 0 765 8 1 LM
119 0 1033 9 1 LM
119 0 822 10 1 LM
120 0 1 1 0 LM
120 0 2 2 0 LM
120 0 3 3 0 LM
120 0 4 4 0 LM
120 0 5 5 0 LM
120 0 6 6 0 LM
120 0 7 7 0 LM
120 0 8 8 0 LM
120 0 9 9 0 LM
120 0 10 10 0 LM
121 0 769 1 1 LM
121 0 888 2 1 LM
121 0 1146 3 1 LM
121 0 887 4 1 LM
121 0 1017 5 1 LM
121 0 890 6 1 LM
121 0 1127 7 1 LM
121 0 1117 8 1 LM
121 0 1177 9 1 LM
121 0 1178 10 1 LM
122 0 898 1 1 LM
122 0 78 2 1 LM
122 0 1070 3 1 LM
122 0 931 4 1 LM
122 0 935 5 1 LM
122 0 1288 6 1 LM
122 0 743 7 1 LM
122 0 1171 8 1 LM
122 0 1130 9 1 LM
122 0 1145 10 1 LM
123 0 941 1 1 LM
123 0 742 2 1 LM
123 0 775 3 1 LM
123 0 387 4 1 LM
123 0 917 5 1 LM
123 0 1270 6 1 LM
123 0 1360 7 1 LM
123 0 206 8 1 LM
123 0 1221 9 1 LM
123 0 244 10 1 LM
124 0 941 1 1 LM
124 0 516 2 1 LM
124 0 1274 3 1 LM
124 0 1288 4 1 LM
124 0 514 5 1 LM
124 0 1319 6 1 LM
124 0 898 7 1 LM
124 0 442 8 1 LM
124 0 625 9 1 LM
124 0 535 10 1 LM
125 0 1083 1 1 LM
125 0 176 2 1 LM
125 0 997 3 1 LM
125 0 131 4 1 LM
125 0 993 5 1 LM
125 0 1074 6 1 LM
125 0 970 7 1 LM
125 0 1227 8 1 LM
125 0 179 9 1 LM
125 0 696 10 1 LM
126 0 1326 1 1 LM
126 0 1288 2 1 LM
126 0 974 3 1 LM
126 0 1083 4 1 LM
126 0 773 5 1 LM
126 0 1095 6 1 LM
126 0 1169 7 1 LM
126 0 1265 8 1 LM
126 0 711 9 1 LM
126 0 397 10 1 LM
127 0 6 1 1 LM
127 0 5 2 1 LM
127 0 869 3 1 LM
127 0 981 4 1 LM
127 0 158 5 1 LM
127 0 582 6 1 LM
127 0 944 7 1 LM
127 0 1375 8 1 LM
127 0 587 9 1 LM
127 0 395 10 1 LM
128 0 1 1 0 LM
128 0 2 2 0 LM
128 0 3 3 0 LM
128 0 4 4 0 LM
128 0 5 5 0 LM
128 0 6 6 0 LM
128 0 7 7 0 LM
128 0 8 8 0 LM
128 0 9 9 0 LM
128 0 10 10 0 LM
129 0 1 1 0 LM
129 0 2 2 0 LM
129 0 3 3 0 LM
129 0 4 4 0 LM
129 0 5 5 0 LM
129 0 6 6 0 LM
129 0 7 7 0 LM
129 0 8 8 0 LM
129 0 9 9 0 LM
129 0 10 10 0 LM
130 0 859 1 1 LM
130 0 948 2 1 LM
130 0 729 3 1 LM
130 0 5 4 1 LM
130 0 391 5 1 LM
130 0 815 6 1 LM
130 0 766 7 1 LM
130 0 1008 8 1 LM
130 0 1162 9 1 LM
130 0 894 10 1 LM
131 0 950 1 1 LM
131 0 1021 2 1 LM
131 0 1022 3 1 LM
131 0 1012 4 1 LM
131 0 1025 5 1 LM
131 0 1023 6 1 LM
131 0 928 7 1 LM
131 0 1028 8 1 LM
131 0 1019 9 1 LM
131 0 952 10 1 LM
132 0 1021 1 1 LM
132 0 1017 2 1 LM
132 0 1025 3 1 LM
132 0 1052 4 1 LM
132 0 761 5 1 LM
132 0 952 6 1 LM
132 0 950 7 1 LM
132 0 1018 8 1 LM
132 0 1026 9 1 LM
132 0 1035 10 1 LM
133 0 951 1 1 LM
133 0 1019 2 1 LM
133 0 950 3 1 LM
133 0 1018 4 1 LM
133 0 1016 5 1 LM
133 0 1028 6 1 LM
133 0 1026 7 1 LM
133 0 856 8 1 LM
133 0 1025 9 1 LM
133 0 760 10 1 LM
134 0 951 1 1 LM
134 0 1028 2 1 LM
134 0 866 3 1 LM
134 0 1012 4 1 LM
134 0 640 5 1 LM
134 0 195 6 1 LM
134 0 883 7 1 LM
134 0 1015 8 1 LM
134 0 1068 9 1 LM
134 0 1014 10 1 LM
135 0 1016 1 1 LM
135 0 1019 2 1 LM
135 0 1017 3 1 LM
135 0 951 4 1 LM
135 0 1014 5 1 LM
135 0 1013 6 1 LM
135 0 1021 7 1 LM
135 0 1026 8 1 LM
135 0 950 9 1 LM
135 0 1028 10 1 LM
136 0 1021 1 1 LM
136 0 891 2 1 LM
136 0 1031 3 1 LM
136 0 239 4 1 LM
136 0 1125 5 1 LM
136 0 139 6 1 LM
136 0 140 7 1 LM
136 0 951 8 1 LM
136 0 1145 9 1 LM
136 0 1033 10 1 LM
137 0 1 1 0 LM
137 0 2 2 0 LM
137 0 3 3 0 LM
137 0 4 4 0 LM
137 0 5 5 0 LM
137 0 6 6 0 LM
137 0 7 7 0 LM
137 0 8 8 0 LM
137 0 9 9 0 LM
137 0 10 10 0 LM
138 0 953 1 1 LM
138 0 847 2 1 LM
138 0 897 3 1 LM
138 0 764 4 1 LM
138 0 887 5 1 LM
138 0 841 6 1 LM
138 0 846 7 1 LM
138 0 848 8 1 LM
138 0 844 9 1 LM
138 0 1068 10 1 LM
139 0 897 1 1 LM
139 0 847 2 1 LM
139 0 826 3 1 LM
139 0 953 4 1 LM
139 0 846 5 1 LM
139 0 844 6 1 LM
139 0 848 7 1 LM
139 0 887 8 1 LM
139 0 764 9 1 LM
139 0 1038 10 1 LM
140 0 954 1 1 LM
140 0 1038 2 1 LM
140 0 890 3 1 LM
140 0 1202 4 1 LM
140 0 1039 5 1 LM
140 0 720 6 1 LM
140 0 887 7 1 LM
140 0 729 8 1 LM
140 0 329 9 1 LM
140 0 722 10 1 LM
141 0 1038 1 1 LM
141 0 1043 2 1 LM
141 0 930 3 1 LM
141 0 421 4 1 LM
141 0 852 5 1 LM
141 0 1214 6 1 LM
141 0 164 7 1 LM
141 0 498 8 1 LM
141 0 889 9 1 LM
141 0 1123 10 1 LM
142 0 954 1 1 LM
142 0 1136 2 1 LM
142 0 1175 3 1 LM
142 0 1071 4 1 LM
142 0 1134 5 1 LM
142 0 887 6 1 LM
142 0 741 7 1 LM
142 0 769 8 1 LM
142 0 1201 9 1 LM
142 0 890 10 1 LM
143 0 1043 1 1 LM
143 0 930 2 1 LM
143 0 1171 3 1 LM
143 0 1145 4 1 LM
143 0 1129 5 1 LM
143 0 1044 6 1 LM
143 0 1070 7 1 LM
143 0 1294 8 1 LM
143 0 765 9 1 LM
143 0 1137 10 1 LM
144 0 1 1 0 LM
144 0 2 2 0 LM
144 0 3 3 0 LM
144 0 4 4 0 LM
144 0 5 5 0 LM
144 0 6 6 0 LM
144 0 7 7 0 LM
144 0 8 8 0 LM
144 0 9 9 0 LM
144 0 10 10 0 LM
145 0 1051 1 1 LM
145 0 1045 2 1 LM
145 0 1126 3 1 LM
145 0 641 4 1 LM
145 0 827 5 1 LM
145 0 1130 6 1 LM
145 0 520 7 1 LM
145 0 928 8 1 LM
145 0 1171 9 1 LM
145 0 1046 10 1 LM
146 0 1045 1 1 LM
146 0 955 2 1 LM
146 0 840 3 1 LM
146 0 854 4 1 LM
146 0 641 5 1 LM
146 0 1175 6 1 LM
146 0 1130 7 1 LM
146 0 1134 8 1 LM
146 0 730 9 1 LM
146 0 1137 10 1 LM
147 0 956 1 1 LM
147 0 1050 2 1 LM
147 0 1069 3 1 LM
147 0 1049 4 1 LM
147 0 843 5 1 LM
147 0 889 6 1 LM
147 0 1119 7 1 LM
147 0 1171 8 1 LM
147 0 850 9 1 LM
147 0 1358 10 1 LM
148 0 956 1 1 LM
148 0 1126 2 1 LM
148 0 1048 3 1 LM
148 0 1050 4 1 LM
148 0 928 5 1 LM
148 0 827 6 1 LM
148 0 1044 7 1 LM
148 0 826 8 1 LM
148 0 852 9 1 LM
148 0 1127 10 1 LM
149 0 1 1 0 LM
149 0 2 2 0 LM
149 0 3 3 0 LM
149 0 4 4 0 LM
149 0 5 5 0 LM
149 0 6 6 0 LM
149 0 7 7 0 LM
149 0 8 8 0 LM
149 0 9 9 0 LM
149 0 10 10 0 LM
150 0 1062 1 1 LM
150 0 1074 2 1 LM
150 0 1075 3 1 LM
150 0 1202 4 1 LM
150 0 799 5 1 LM
150 0 970 6 1 LM
150 0 1300 7 1 LM
150 0 1243 8 1 LM
150 0 696 9 1 LM
150 0 924 10 1 LM
151 0 433 1 1 LM
151 0 1246 2 1 LM
151 0 287 3 1 LM
151 0 465 4 1 LM
151 0 678 5 1 LM
151 0 101 6 1 LM
151 0 676 7 1 LM
151 0 1333 8 1 LM
151 0 492 9 1 LM
151 0 1306 10 1 LM
152 0 671 1 1 LM
152 0 1225 2 1 LM
152 0 696 3 1 LM
152 0 1362 4 1 LM
152 0 1339 5 1 LM
152 0 1064 6 1 LM
152 0 189 7 1 LM
152 0 250 8 1 LM
152 0 94 9 1 LM
152 0 1062 10 1 LM
153 0 1063 1 1 LM
153 0 1082 2 1 LM
153 0 1088 3 1 LM
153 0 1235 4 1 LM
153 0 300 5 1 LM
153 0 349 6 1 LM
153 0 1053 7 1 LM
153 0 943 8 1 LM
153 0 1085 9 1 LM
153 0 584 10 1 LM
154 0 1088 1 1 LM
154 0 1086 2 1 LM
154 0 111 3 1 LM
154 0 1063 4 1 LM
154 0 1054 5 1 LM
154 0 1087 6 1 LM
154 0 15 7 1 LM
154 0 832 8 1 LM
154 0 1108 9 1 LM
154 0 785 10 1 LM
155 0 1101 1 1 LM
155 0 806 2 1 LM
155 0 1065 3 1 LM
155 0 805 4 1 LM
155 0 781 5 1 LM
155 0 76 6 1 LM
155 0 804 7 1 LM
155 0 968 8 1 LM
155 0 553 9 1 LM
155 0 705 10 1 LM
156 0 1096 1 1 LM
156 0 1099 2 1 LM
156 0 1097 3 1 LM
156 0 553 4 1 LM
156 0 1100 5 1 LM
156 0 1098 6 1 LM
156 0 1065 7 1 LM
156 0 1279 8 1 LM
156 0 1117 9 1 LM
156 0 818 10 1 LM
157 0 160 1 1 LM
157 0 1006 2 1 LM
157 0 25 3 1 LM
157 0 1179 4 1 LM
157 0 1281 5 1 LM
157 0 456 6 1 LM
157 0 576 7 1 LM
157 0 556 8 1 LM
157 0 1224 9 1 LM
157 0 1391 10 1 LM
158 0 302 1 1 LM
158 0 1269 2 1 LM
158 0 1263 3 1 LM
158 0 421 4 1 LM
158 0 405 5 1 LM
158 0 1098 6 1 LM
158 0 691 7 1 LM
158 0 609 8 1 LM
158 0 1011 9 1 LM
158 0 524 10 1 LM
159 0 1066 1 1 LM
159 0 1339 2 1 LM
159 0 1259 3 1 LM
159 0 1197 4 1 LM
159 0 1115 5 1 LM
159 0 801 6 1 LM
159 0 1112 7 1 LM
159 0 846 8 1 LM
159 0 969 9 1 LM
159 0 802 10 1 LM
160 0 1 1 0 LM
160 0 2 2 0 LM
160 0 3 3 0 LM
160 0 4 4 0 LM
160 0 5 5 0 LM
160 0 6 6 0 LM
160 0 7 7 0 LM
160 0 8 8 0 LM
160 0 9 9 0 LM
160 0 10 10 0 LM
161 0 1386 1 1 LM
161 0 54 2 1 LM
161 0 460 3 1 LM
161 0 55 4 1 LM
161 0 145 5 1 LM
161 0 314 6 1 LM
161 0 240 7 1 LM
161 0 1192 8 1 LM
161 0 461 9 1 LM
161 0 366 10 1 LM
162 0 460 1 1 LM
162 0 55 2 1 LM
162 0 54 3 1 LM
162 0 1182 4 1 LM
162 0 489 5 1 LM
162 0 366 6 1 LM
162 0 240 7 1 LM
162 0 559 8 1 LM
162 0 292 9 1 LM
162 0 145 10 1 LM
163 0 492 1 1 LM
163 0 232 2 1 LM
163 0 373 3 1 LM
163 0 1231 4 1 LM
163 0 56 5 1 LM
163 0 688 6 1 LM
163 0 57 7 1 LM
163 0 27 8 1 LM
163 0 124 9 1 LM
163 0 37 10 1 LM
164 0 311 1 1 LM
164 0 415 2 1 LM
164 0 316 3 1 LM
164 0 416 4 1 LM
164 0 503 5 1 LM
164 0 265 6 1 LM
164 0 1187 7 1 LM
164 0 996 8 1 LM
164 0 1239 9 1 LM
164 0 460 10 1 LM
165 0 504 1 1 LM
165 0 71 2 1 LM
165 0 72 3 1 LM
165 0 209 4 1 LM
165 0 569 5 1 LM
165 0 335 6 1 LM
165 0 1276 7 1 LM
165 0 1268 8 1 LM
165 0 1375 9 1 LM
165 0 1154 10 1 LM
166 0 504 1 1 LM
166 0 209 2 1 LM
166 0 71 3 1 LM
166 0 1302 4 1 LM
166 0 334 5 1 LM
166 0 569 6 1 LM
166 0 1228 7 1 LM
166 0 72 8 1 LM
166 0 207 9 1 LM
166 0 55 10 1 LM
167 0 274 1 1 LM
167 0 82 2 1 LM
167 0 553 3 1 LM
167 0 1279 4 1 LM
167 0 1043 5 1 LM
167 0 540 6 1 LM
167 0 981 7 1 LM
167 0 364 8 1 LM
167 0 307 9 1 LM
167 0 14 10 1 LM
168 0 750 1 1 LM
168 0 341 2 1 LM
168 0 118 3 1 LM
168 0 965 4 1 LM
168 0 157 5 1 LM
168 0 217 6 1 LM
168 0 1224 7 1 LM
168 0 404 8 1 LM
168 0 131 9 1 LM
168 0 166 10 1 LM
169 0 750 1 1 LM
169 0 341 2 1 LM
169 0 157 3 1 LM
169 0 118 4 1 LM
169 0 965 5 1 LM
169 0 217 6 1 LM
169 0 472 7 1 LM
169 0 131 8 1 LM
169 0 97 9 1 LM
169 0 458 10 1 LM
170 0 1 1 0 LM
170 0 2 2 0 LM
170 0 3 3 0 LM
170 0 4 4 0 LM
170 0 5 5 0 LM
170 0 6 6 0 LM
170 0 7 7 0 LM
170 0 8 8 0 LM
170 0 9 9 0 LM
170 0 10 10 0 LM
171 0 1 1 0 LM
171 0 2 2 0 LM
171 0 3 3 0 LM
171 0 4 4 0 LM
171 0 5 5 0 LM
171 0 6 6 0 LM
171 0 7 7 0 LM
171 0 8 8 0 LM
171 0 9 9 0 LM
171 0 10 10 0 LM
172 0 320 1 1 LM
172 0 322 2 1 LM
172 0 527 3 1 LM
172 0 321 4 1 LM
172 0 476 5 1 LM
172 0 107 6 1 LM
172 0 478 7 1 LM
172 0 1370 8 1 LM
172 0 551 9 1 LM
172 0 1235 10 1 LM
173 0 451 1 1 LM
173 0 367 2 1 LM
173 0 532 3 1 LM
173 0 1320 4 1 LM
173 0 767 5 1 LM
173 0 917 6 1 LM
173 0 916 7 1 LM
173 0 1067 8 1 LM
173 0 934 9 1 LM
173 0 1047 10 1 LM
174 0 1157 1 1 LM
174 0 411 2 1 LM
174 0 35 3 1 LM
174 0 1390 4 1 LM
174 0 501 5 1 LM
174 0 523 6 1 LM
174 0 483 7 1 LM
174 0 1264 8 1 LM
174 0 1151 9 1 LM
174 0 1319 10 1 LM
175 0 139 1 1 LM
175 0 1082 2 1 LM
175 0 941 3 1 LM
175 0 1080 4 1 LM
175 0 1221 5 1 LM
175 0 417 6 1 LM
175 0 491 7 1 LM
175 0 668 8 1 LM
175 0 666 9 1 LM
175 0 1394 10 1 LM
176 0 542 1 1 LM
176 0 963 2 1 LM
176 0 606 3 1 LM
176 0 586 4 1 LM
176 0 872 5 1 LM
176 0 1375 6 1 LM
176 0 1221 7 1 LM
176 0 5 8 1 LM
176 0 6 9 1 LM
176 0 869 10 1 LM
177 0 589 1 1 LM
177 0 138 2 1 LM
177 0 588 3 1 LM
177 0 543 4 1 LM
177 0 590 5 1 LM
177 0 576 6 1 LM
177 0 592 7 1 LM
177 0 426 8 1 LM
177 0 216 9 1 LM
177 0 578 10 1 LM
178 0 591 1 1 LM
178 0 236 2 1 LM
178 0 511 3 1 LM
178 0 387 4 1 LM
178 0 984 5 1 LM
178 0 31 6 1 LM
178 0 1068 7 1 LM
178 0 764 8 1 LM
178 0 543 9 1 LM
178 0 1171 10 1 LM
179 0 680 1 1 LM
179 0 930 2 1 LM
179 0 1280 3 1 LM
179 0 579 4 1 LM
179 0 1267 5 1 LM
179 0 682 6 1 LM
179 0 918 7 1 LM
179 0 428 8 1 LM
179 0 379 9 1 LM
179 0 633 10 1 LM
180 0 548 1 1 LM
180 0 616 2 1 LM
180 0 622 3 1 LM
180 0 617 4 1 LM
180 0 719 5 1 LM
180 0 1391 6 1 LM
180 0 1000 7 1 LM
180 0 882 8 1 LM
180 0 85 9 1 LM
180 0 1103 10 1 LM
181 0 997 1 1 LM
181 0 131 2 1 LM
181 0 993 3 1 LM
181 0 1074 4 1 LM
181 0 176 5 1 LM
181 0 243 6 1 LM
181 0 970 7 1 LM
181 0 696 8 1 LM
181 0 409 9 1 LM
181 0 1243 10 1 LM
182 0 634 1 1 LM
182 0 685 2 1 LM
182 0 686 3 1 LM
182 0 1338 4 1 LM
182 0 701 5 1 LM
182 0 1218 6 1 LM
182 0 856 7 1 LM
182 0 1341 8 1 LM
182 0 593 9 1 LM
182 0 193 10 1 LM
183 0 811 1 1 LM
183 0 1226 2 1 LM
183 0 88 3 1 LM
183 0 883 4 1 LM
183 0 1177 5 1 LM
183 0 39 6 1 LM
183 0 253 7 1 LM
183 0 806 8 1 LM
183 0 804 9 1 LM
183 0 1243 10 1 LM
184 0 1 1 0 LM
184 0 2 2 0 LM
184 0 3 3 0 LM
184 0 4 4 0 LM
184 0 5 5 0 LM
184 0 6 6 0 LM
184 0 7 7 0 LM
184 0 8 8 0 LM
184 0 9 9 0 LM
184 0 10 10 0 LM
185 0 856 1 1 LM
185 0 857 2 1 LM
185 0 1008 3 1 LM
185 0 766 4 1 LM
185 0 858 5 1 LM
185 0 390 6 1 LM
185 0 658 7 1 LM
185 0 911 8 1 LM
185 0 864 9 1 LM
185 0 1337 10 1 LM
186 0 1074 1 1 LM
186 0 1243 2 1 LM
186 0 230 3 1 LM
186 0 1239 4 1 LM
186 0 803 5 1 LM
186 0 1062 6 1 LM
186 0 557 7 1 LM
186 0 923 8 1 LM
186 0 1075 9 1 LM
186 0 60 10 1 LM
187 0 1 1 0 LM
187 0 2 2 0 LM
187 0 3 3 0 LM
187 0 4 4 0 LM
187 0 5 5 0 LM
187 0 6 6 0 LM
187 0 7 7 0 LM
187 0 8 8 0 LM
187 0 9 9 0 LM
187 0 10 10 0 LM
188 0 725 1 1 LM
188 0 640 2 1 LM
188 0 720 3 1 LM
188 0 722 4 1 LM
188 0 911 5 1 LM
188 0 908 6 1 LM
188 0 729 7 1 LM
188 0 29 8 1 LM
188 0 909 9 1 LM
188 0 220 10 1 LM
189 0 767 1 1 LM
189 0 640 2 1 LM
189 0 1334 3 1 LM
189 0 314 4 1 LM
189 0 870 5 1 LM
189 0 925 6 1 LM
189 0 1362 7 1 LM
189 0 498 8 1 LM
189 0 883 9 1 LM
189 0 1332 10 1 LM
190 0 390 1 1 LM
190 0 769 2 1 LM
190 0 1339 3 1 LM
190 0 15 4 1 LM
190 0 122 5 1 LM
190 0 52 6 1 LM
190 0 627 7 1 LM
190 0 14 8 1 LM
190 0 856 9 1 LM
190 0 391 10 1 LM
191 0 827 1 1 LM
191 0 541 2 1 LM
191 0 894 3 1 LM
191 0 1242 4 1 LM
191 0 899 5 1 LM
191 0 15 6 1 LM
191 0 627 7 1 LM
191 0 319 8 1 LM
191 0 1392 9 1 LM
191 0 658 10 1 LM
192 0 733 1 1 LM
192 0 641 2 1 LM
192 0 734 3 1 LM
192 0 735 4 1 LM
192 0 925 5 1 LM
192 0 875 6 1 LM
192 0 730 7 1 LM
192 0 1084 8 1 LM
192 0 647 9 1 LM
192 0 1175 10 1 LM
193 0 730 1 1 LM
193 0 733 2 1 LM
193 0 734 3 1 LM
193 0 422 4 1 LM
193 0 736 5 1 LM
193 0 641 6 1 LM
193 0 648 7 1 LM
193 0 145 8 1 LM
193 0 425 9 1 LM
193 0 424 10 1 LM
194 0 642 1 1 LM
194 0 932 2 1 LM
194 0 744 3 1 LM
194 0 1172 4 1 LM
194 0 1126 5 1 LM
194 0 957 6 1 LM
194 0 1173 7 1 LM
194 0 1178 8 1 LM
194 0 769 9 1 LM
194 0 888 10 1 LM
195 0 642 1 1 LM
195 0 831 2 1 LM
195 0 932 3 1 LM
195 0 1173 4 1 LM
195 0 744 5 1 LM
195 0 769 6 1 LM
195 0 1126 7 1 LM
195 0 1172 8 1 LM
195 0 824 9 1 LM
195 0 1055 10 1 LM
196 0 102 1 1 LM
196 0 746 2 1 LM
196 0 486 3 1 LM
196 0 1237 4 1 LM
196 0 51 5 1 LM
196 0 1323 6 1 LM
196 0 1361 7 1 LM
196 0 875 8 1 LM
196 0 966 9 1 LM
196 0 1281 10 1 LM
197 0 1 1 0 LM
197 0 2 2 0 LM
197 0 3 3 0 LM
197 0 4 4 0 LM
197 0 5 5 0 LM
197 0 6 6 0 LM
197 0 7 7 0 LM
197 0 8 8 0 LM
197 0 9 9 0 LM
197 0 10 10 0 LM
198 0 889 1 1 LM
198 0 1068 2 1 LM
198 0 1126 3 1 LM
198 0 743 4 1 LM
198 0 887 5 1 LM
198 0 740 6 1 LM
198 0 1174 7 1 LM
198 0 856 8 1 LM
198 0 886 9 1 LM
198 0 843 10 1 LM
199 0 1059 1 1 LM
199 0 930 2 1 LM
199 0 1058 3 1 LM
199 0 1053 4 1 LM
199 0 833 5 1 LM
199 0 1362 6 1 LM
199 0 739 7 1 LM
199 0 1091 8 1 LM
199 0 1361 9 1 LM
199 0 931 10 1 LM
200 0 1071 1 1 LM
200 0 1053 2 1 LM
200 0 1375 3 1 LM
200 0 1134 4 1 LM
200 0 54 5 1 LM
200 0 322 6 1 LM
200 0 165 7 1 LM
200 0 1043 8 1 LM
200 0 1386 9 1 LM
200 0 1137 10 1 LM
201 0 625 1 1 LM
201 0 576 2 1 LM
201 0 1296 3 1 LM
201 0 401 4 1 LM
201 0 1297 5 1 LM
201 0 1189 6 1 LM
201 0 410 7 1 LM
201 0 1299 8 1 LM
201 0 1279 9 1 LM
201 0 541 10 1 LM
202 0 1285 1 1 LM
202 0 1310 2 1 LM
202 0 1309 3 1 LM
202 0 232 4 1 LM
202 0 294 5 1 LM
202 0 1231 6 1 LM
202 0 467 7 1 LM
202 0 1311 8 1 LM
202 0 497 9 1 LM
202 0 186 10 1 LM
203 0 58 1 1 LM
203 0 1285 2 1 LM
203 0 370 3 1 LM
203 0 1231 4 1 LM
203 0 1262 5 1 LM
203 0 1310 6 1 LM
203 0 546 7 1 LM
203 0 1074 8 1 LM
203 0 1382 9 1 LM
203 0 294 10 1 LM
204 0 147 1 1 LM
204 0 1080 2 1 LM
204 0 443 3 1 LM
204 0 1310 4 1 LM
204 0 573 5 1 LM
204 0 208 6 1 LM
204 0 133 7 1 LM
204 0 1229 8 1 LM
204 0 1307 9 1 LM
204 0 1274 10 1 LM
205 0 1 1 0 LM
205 0 2 2 0 LM
205 0 3 3 0 LM
205 0 4 4 0 LM
205 0 5 5 0 LM
205 0 6 6 0 LM
205 0 7 7 0 LM
205 0 8 8 0 LM
205 0 9 9 0 LM
205 0 10 10 0 LM
206 0 1290 1 1 LM
206 0 1336 2 1 LM
206 0 1338 3 1 LM
206 0 598 4 1 LM
206 0 252 5 1 LM
206 0 879 6 1 LM
206 0 467 7 1 LM
206 0 790 8 1 LM
206 0 567 9 1 LM
206 0 638 10 1 LM
207 0 1 1 0 LM
207 0 2 2 0 LM
207 0 3 3 0 LM
207 0 4 4 0 LM
207 0 5 5 0 LM
207 0 6 6 0 LM
207 0 7 7 0 LM
207 0 8 8 0 LM
207 0 9 9 0 LM
207 0 10 10 0 LM
208 0 1291 1 1 LM
208 0 163 2 1 LM
208 0 1344 3 1 LM
208 0 1352 4 1 LM
208 0 815 5 1 LM
208 0 709 6 1 LM
208 0 566 7 1 LM
208 0 816 8 1 LM
208 0 1289 9 1 LM
208 0 624 10 1 LM
209 0 798 1 1 LM
209 0 959 2 1 LM
209 0 240 3 1 LM
209 0 23 4 1 LM
209 0 461 5 1 LM
209 0 1364 6 1 LM
209 0 526 7 1 LM
209 0 1383 8 1 LM
209 0 55 9 1 LM
209 0 187 10 1 LM
210 0 1 1 0 LM
210 0 2 2 0 LM
210 0 3 3 0 LM
210 0 4 4 0 LM
210 0 5 5 0 LM
210 0 6 6 0 LM
210 0 7 7 0 LM
210 0 8 8 0 LM
210 0 9 9 0 LM
210 0 10 10 0 LM
211 0 1 1 0 LM
211 0 2 2 0 LM
211 0 3 3 0 LM
211 0 4 4 0 LM
211 0 5 5 0 LM
211 0 6 6 0 LM
211 0 7 7 0 LM
211 0 8 8 0 LM
211 0 9 9 0 LM
211 0 10 10 0 LM
212 0 1177 1 1 LM
212 0 1178 2 1 LM
212 0 888 3 1 LM
212 0 838 4 1 LM
212 0 885 5 1 LM
212 0 839 6 1 LM
212 0 642 7 1 LM
212 0 822 8 1 LM
212 0 769 9 1 LM
212 0 1146 10 1 LM
213 0 769 1 1 LM
213 0 885 2 1 LM
213 0 1173 3 1 LM
213 0 1146 4 1 LM
213 0 888 5 1 LM
213 0 741 6 1 LM
213 0 1116 7 1 LM
213 0 765 8 1 LM
213 0 887 9 1 LM
213 0 1145 10 1 LM
214 0 1294 1 1 LM
214 0 1043 2 1 LM
214 0 1036 3 1 LM
214 0 930 4 1 LM
214 0 828 5 1 LM
214 0 1126 6 1 LM
214 0 1059 7 1 LM
214 0 831 8 1 LM
214 0 1154 9 1 LM
214 0 201 10 1 LM
215 0 535 1 1 LM
215 0 1234 2 1 LM
215 0 332 3 1 LM
215 0 1205 4 1 LM
215 0 25 5 1 LM
215 0 1253 6 1 LM
215 0 625 7 1 LM
215 0 456 8 1 LM
215 0 1198 9 1 LM
215 0 1377 10 1 LM
216 0 693 1 1 LM
216 0 175 2 1 LM
216 0 692 3 1 LM
216 0 39 4 1 LM
216 0 1319 5 1 LM
216 0 1156 6 1 LM
216 0 971 7 1 LM
216 0 694 8 1 LM
216 0 958 9 1 LM
216 0 636 10 1 LM
217 0 1 1 0 LM
217 0 2 2 0 LM
217 0 3 3 0 LM
217 0 4 4 0 LM
217 0 5 5 0 LM
217 0 6 6 0 LM
217 0 7 7 0 LM
217 0 8 8 0 LM
217 0 9 9 0 LM
217 0 10 10 0 LM
218 0 559 1 1 LM
218 0 154 2 1 LM
218 0 983 3 1 LM
218 0 655 4 1 LM
218 0 295 5 1 LM
218 0 438 6 1 LM
218 0 666 7 1 LM
218 0 553 8 1 LM
218 0 323 9 1 LM
218 0 1161 10 1 LM
219 0 1221 1 1 LM
219 0 208 2 1 LM
219 0 371 3 1 LM
219 0 1222 4 1 LM
219 0 992 5 1 LM
219 0 299 6 1 LM
219 0 993 7 1 LM
219 0 530 8 1 LM
219 0 657 9 1 LM
219 0 319 10 1 LM
220 0 292 1 1 LM
220 0 1375 2 1 LM
220 0 458 3 1 LM
220 0 16 4 1 LM
220 0 1182 5 1 LM
220 0 527 6 1 LM
220 0 242 7 1 LM
220 0 382 8 1 LM
220 0 325 9 1 LM
220 0 321 10 1 LM
221 0 292 1 1 LM
221 0 1182 2 1 LM
221 0 458 3 1 LM
221 0 1366 4 1 LM
221 0 435 5 1 LM
221 0 579 6 1 LM
221 0 1375 7 1 LM
221 0 662 8 1 LM
221 0 754 9 1 LM
221 0 1371 10 1 LM
222 0 1 1 0 LM
222 0 2 2 0 LM
222 0 3 3 0 LM
222 0 4 4 0 LM
222 0 5 5 0 LM
222 0 6 6 0 LM
222 0 7 7 0 LM
222 0 8 8 0 LM
222 0 9 9 0 LM
222 0 10 10 0 LM
223 0 1399 1 1 LM
223 0 400 2 1 LM
223 0 1398 3 1 LM
223 0 419 4 1 LM
223 0 1396 5 1 LM
223 0 1400 6 1 LM
223 0 1387 7 1 LM
223 0 412 8 1 LM
223 0 388 9 1 LM
223 0 1048 10 1 LM
224 0 1 1 0 LM
224 0 2 2 0 LM
224 0 3 3 0 LM
224 0 4 4 0 LM
224 0 5 5 0 LM
224 0 6 6 0 LM
224 0 7 7 0 LM
224 0 8 8 0 LM
224 0 9 9 0 LM
224 0 10 10 0 LM
225 0 1188 1 1 LM
225 0 1380 2 1 LM
225 0 638 3 1 LM
225 0 213 4 1 LM
225 0 1349 5 1 LM
225 0 173 6 1 LM
225 0 200 7 1 LM
225 0 416 8 1 LM
225 0 225 9 1 LM
225 0 1345 10 1 LM
